2922.901 196.4206 654.7165
5889.114 1136.731 894.8584
4699.501 -248.8274 1030.371
2597.653 -29.09946 673.1483
4875.596 -156.2107 872.4222
2372.948 -288.4724 1162.706
3755.116 62.12046 1459.166
3012.779 279.3776 810.9505
3347.462 -211.9096 762.9472
6137.072 -909.3035 990.1115
2660.083 354.0386 1307.016
2332.283 307.5034 737.5029
2912.841 -133.5168 844.3455
3977.073 -277.1684 1001.336
4264.137 -648.6085 1030.659
2719.976 9.422947 947.5775
4693.235 153.6764 858.7514
3371.402 -570.5483 1489.473
2813.929 394.0838 1421.49
2139.258 255.1059 1664.399
3043.397 -411.03 1327.391
3141.447 608.46 982.3123
2845.777 -156.8786 1013.168
5055.953 -418.0378 1507.151
3573.399 39.78592 678.8245
2388.72 246.5333 1141.655
4084.088 2.700357 621.0221
3011.042 -172.5341 862.7003
5833.925 -446.6024 778.0163
5563.017 -12.23244 737.3154
3197.615 -225.9092 1625.122
3223.013 -484.94 1261.037
1977.747 -32.22924 989.6154
2809.741 358.2933 960.9127
5367.433 1137.319 1339.207
3700.288 12.04868 1112.771
3251.574 375.4717 942.1521
2083.784 -240.7585 937.274
4704.166 411.9999 1676.058
2560.16 -332.2154 943.7855
4723.867 -332.4781 917.3662
2645.436 435.156 1430.652
3851.227 356.4665 880.3671
3861.356 -160.3414 1225.539
3263.497 215.3518 1313.599
5011.833 -118.2364 1839.503
3413.006 11.62011 1635.461
2917.516 -438.0612 1268.702
3953.808 234.3581 1544.793
2984.06 849.4549 2135.139
3047.081 -447.5705 2342.474
3852.493 617.5638 2399.512
2361.964 802.7889 2377.626
2737.007 665.3011 1720.389
3838.158 584.0944 1531.581
3110.497 -545.5784 2362.737
3605.826 -1092.469 2838.892
4124.881 -970.8732 1551.611
3621.087 -251.6385 1538.614
3598.719 -246.7466 1678.635
2928.81 -176.1258 1154.12
3656.842 -333.329 1301.119
5349.369 768.6031 2519.516
4253.86 -128.2548 911.5945
3431.951 -8.951431 1177.713
3478.066 608.6552 1174.825
3809.752 -850.5726 1056.803
6168.085 -193.8872 639.026
3453.672 -9.362839 767.9269
2709.509 553.8243 1141.91
3897.485 -177.7166 985.319
5835.135 404.153 1328.12
3783.642 374.7252 686.1729
3449.27 -210.1073 784.2783
5651.169 -500.0312 934.1059
3822.309 356.4095 1194.251
3962.787 541.7196 844.9353
4718.771 -548.4407 1028.339
3630.108 219.9091 799.4585
3255.512 32.94082 870.5303
3311.667 -29.43598 749.2931
2675.746 170.2035 813.9211
3679.216 -181.2853 724.3505
4955.506 -16.82103 611.7716
3251.379 455.298 1323.268
3254.857 595.0621 781.533
3607.847 653.5652 1458.793
2676.913 -459.6185 621.2413
3255.118 -432.322 1092.855
3520.358 -659.7081 1433.406
5311.148 -625.9754 915.9263
4177.349 -233.274 1311.815
3192.155 179.3415 870.1699
7571.733 280.7176 1197.292
2539.778 -241.134 982.7579
3504.167 -176.2172 964.1807
3327.316 155.8188 1302.167
2657.964 -0.2555267 1155.105
4063.198 -688.0847 1135.7
3998.882 -144.3933 823.4868
3296.299 -182.0489 746.3916
3813.644 -398.5763 1233.66
6224.161 -229.7666 849.437
4572.296 1120.264 1038.53
4516.849 -164.832 1378.857
3445.555 -257.3083 861.4239
3647.867 284.4599 1405.883
2465.629 -413.705 1587.906
3526.831 97.97043 1379.081
2375.208 -302.8109 773.5553
2226.194 -403.0254 1424.104
3625.31 -226.9078 882.6366
4702.524 -200.0736 732.625
2976.485 -1015.121 1526.853
4676.311 -911.3269 1468.681
4344.683 -209.1166 1014.898
5006.653 -813.8685 1462.897
3378.48 -304.8304 1016.554
3314.384 -614.1284 1386.346
3077.89 -78.94212 819.6185
3275.266 -467.2696 1136.065
1794.347 -58.35669 811.2953
3726.058 43.94681 1494.273
4886.891 191.2777 1709.21
3753.895 -437.7428 812.2995
4512.093 -744.1957 970.814
5871.479 -292.612 1056.53
2722.714 -306.9324 1259.064
5550.406 332.2131 985.0294
3315.246 -70.75531 944.1685
4004.694 346.2749 942.9044
4019.327 -193.395 919.2987
4260.524 -89.15598 628.2111
2601.426 328.8028 1485.431
4702.345 282.0768 731.1618
4807.862 -494.9146 1041.302
2367.867 339.5 1658.269
6597.206 -231.1434 874.2129
4623.917 556.2769 1063.764
3277.005 81.81506 1056.395
2936.414 -221.3253 694.9616
4009.879 -277.5602 944.8385
4663.208 -421.2139 949.4124
3495.538 -481.4077 857.3566
3125.907 -977.5126 1228.993
4897.142 -149.6738 1362.853
3405.517 -315.7069 1367.976
2737.01 12.80122 1088.93
3707.888 -112.1332 1182.555
4104.379 131.5868 945.9961
2496.312 493.8442 848.2328
3447.505 843.7969 1359.499
3872.189 259.9263 725.2189
3887.905 97.62866 901.3997
4064.513 -225.276 2029.705
5297.831 530.6668 1461.308
3792.296 -232.9649 1428.976
2867.48 277.4114 1174.344
4086.044 498.3553 1189.079
5228.149 -162.2491 974.0741
4334.672 471.4116 1066.639
7554.167 -1580.708 1285.326
4636.041 158.4419 672.314
5277.308 72.77934 1470.857
6276.735 438.4935 918.4376
2391.499 62.30731 1131.161
3800.206 16.7092 1210.921
7317.124 408.6667 1072.906
1866.813 -157.5374 850.7638
4698.968 653.1462 1084.759
4064.671 -109.2591 635.738
5601.858 -557.456 842.569
4596.954 96.01825 779.2548
7154.29 354.5384 1281.559
4701.963 338.1208 767.9624
3978.861 -437.7549 1419.075
2748.05 202.741 869.0853
3473.383 704.9076 1330.337
4428.043 131.9151 1059.464
5539.469 280.7807 1332.393
2944.727 -186.1867 585.9147
3805.398 403.464 1081.293
6037.402 -294.7336 1127.097
4541.404 -6.949264 591.3667
4639.136 182.3566 897.9373
3595.406 -2.148624 1154.27
5157.248 72.86983 694.7111
3884.32 -68.43042 1276.008
3475.296 15.78744 911.6256
4770.52 -295.2748 738.3603
2855.565 -333.1331 1132.367
4549.937 -479.2245 778.1819
3498.416 -563.2166 1050.95
6316.494 -781.1772 882.4308
4293.529 99.54202 1020.168
4505.095 -293.3594 1060.272
5943.813 -343.5367 946.3897
5465.96 -996.6237 862.9844
3658.798 286.1844 878.2036
4029.637 91.06926 990.609
3809.139 37.58374 895.6275
2186.044 -241.9967 1808.341
4030.89 46.83707 788.77
4725.661 362.391 514.1868
4423.325 580.6397 930.0276
4041.774 -20.06764 1192.652
4201.866 -473.1159 1111.18
4511.412 183.2951 1326.141
3758.604 153.3406 1108.395
3363.319 -439.8719 1072.834
3390.939 341.0045 907.0432
3225.936 729.062 1589.43
3114.144 -295.9185 860.8645
4382.962 41.30252 645.2644
2843.848 158.9139 791.2771
2972.657 160.4435 1526.086
2841.09 45.98753 876.4068
3494.734 206.53 842.327
3652.662 -578.786 1103.153
3699.251 260.5875 863.2261
4327.814 -209.4266 1102.497
4003.943 -484.42 696.4634
3585.027 447.0811 1451.136
5261.341 -81.37594 787.3484
3225.849 212.7185 952.7278
3872.025 -394.0554 1328.03
2588.309 -313.8695 1120.466
4128.699 342.2776 900.7887
4589.147 -513.3549 986.8689
3955.225 810.3928 1413.523
4011.963 -280.2852 669.313
3496.606 191.148 514.1381
2990.373 217.1998 1038.429
4206.35 379.1824 708.8
4800.859 400.8816 738.455
6502.923 379.0056 820.3436
3046.876 119.4941 885.7652
6586.421 -606.4197 1083.613
3482.683 -245.6399 761.3394
2785.954 158.8617 852.9241
3125.45 344.0699 1246.489
4797.739 -271.1212 744.2752
3650.194 -738.7124 1500.386
3501.046 -798.0589 1127.044
3674.179 513.2827 1047.547
3294.913 -286.1643 825.5199
2377.091 183.8087 1012.003
3118.967 26.6643 1048.956
3596.723 269.8492 696.031
4792.32 -1380.29 1769.678
4650.208 -465.5457 1164.406
2841.21 -70.03581 1334.527
1922.334 145.6432 671.3824
3291.414 479.8264 1343.752
3148.107 -158.7976 1236.123
2845.62 492.6276 996.0022
4386.204 1053.651 1506.448
7381.515 1224.132 1623.353
3182.653 35.19694 1479.101
6214.912 -30.35177 1004.481
4707.731 431.7864 965.5936
4317.878 984.4948 1941.593
3167.012 -150.6773 1267.966
3430.062 -340.6766 828.5127
4965.685 -50.07938 1260.316
4068.274 -373.0957 1112.838
2880.92 334.9907 1159.68
5827.876 904.4785 969.2257
4726.616 15.28448 864.3236
3438.405 252.5826 1198.729
2823.279 -194.1449 1325.299
4389.62 -871.0503 1146.119
5612.047 -87.52643 1149.171
4891.301 102.5871 999.6748
2639.78 -169.5206 1321.762
4905.138 -323.7609 907.0494
3917.807 363.6508 971.9703
4994.463 -870.0358 960.4344
3378.98 854.4482 1691.603
3961.055 697.6052 2345.334
4198.157 34.60105 838.4866
3695.27 -686.4539 781.4059
3439.765 -1077.303 2195.768
2544.801 -72.16675 1203.703
3082.716 -393.1303 1250.824
2812.653 249.5622 1126.747
4846.44 -1109.893 1219.358
2587.085 31.55764 967.8514
4056.358 413.2791 1156.353
5534.511 316.1554 1141.312
4432.391 392.3847 1680.075
4363.727 -114.2512 628.5936
3763.94 -60.7758 739.255
4552.583 -718.1127 1471.78
2752.055 16.05964 1375.8
3059.262 -212.7719 1011.082
3692.047 307.431 960.8823
3494.688 -155.9346 729.7384
4162.525 -125.0795 1045.096
3501.077 691.6427 1484.879
4243.876 582.8648 2161.083
2677.648 -174.4668 934.9817
3893.262 -225.9124 751.0563
3101.965 135.349 1477.895
3219.373 40.24839 791.4266
4647.786 -962.5313 1212.706
4461.841 -490.8386 1029.995
3525.664 -418.5684 721.0626
2399.968 300.9235 1028.234
2864.876 311.5749 855.8553
3225.498 -561.7522 1614.383
2998.444 -237.0038 1116.642
2250.378 -175.4019 1459.847
2708.522 184.2381 651.1268
5805.693 -91.70913 1441.047
5128.541 673.0658 1450.634
3195.578 -64.94927 665.5662
4489.445 495.4822 1279.467
4017.432 305.3769 1288.89
2688.177 456.6859 1125.314
5656.935 -256.4102 1345.672
2948.612 -236.618 994.7646
4097.75 516.3949 892.2438
5243.391 -206.1256 1018.984
3071.065 22.07138 1001.399
4342.125 399.843 766.3078
2555.11 29.92076 972.5507
4935.471 -579.1627 1073.012
3009.418 -130.3776 1277.163
3078.983 -607.9589 1157.224
4359.615 -447.5738 1043.506
3358.744 266.8096 1065.357
2926.434 481.7705 863.074
3943.955 -554.0347 1263.299
3800.377 -52.02802 951.1731
4175.197 239.9365 1112.437
4012.043 -796.4703 1868.184
3219.585 176.8055 1078.41
2737.094 -96.29954 911.6157
2485.227 169.3081 1499.739
4837.618 848.369 1356.669
4898.907 -366.1094 1127.414
2993.414 469.0363 2311.313
4527.945 -420.2908 943.2209
2751.616 -137.3658 1031.253
2247.899 -203.3653 766.8485
3737.152 -645.1173 1383.737
3962.644 147.7158 1073.713
3491.125 -506.3386 1466.643
2292.225 -288.372 845.653
3359.623 70.05198 974.4116
1986.255 -311.1034 1598.984
4037.691 -73.13433 963.7425
2640.386 -78.17586 660.6965
3682.786 5.925329 1317.068
5751.722 -796.5998 1181.955
2991.806 -384.2367 965.5338
2940.303 188.3096 1056.283
2642.369 -136.582 948.7719
3325.923 213.5076 1285.607
3154.318 -155.1493 756.2492
2940.498 -47.96639 930.5537
2395.462 -38.00347 1170.287
3272.762 -809.2689 1657.816
4984.735 -891.7128 1729.201
3965.01 -152.8724 1117.732
3070.716 459.6679 1048.318
3633.59 -500.9904 1186.098
2949.551 -70.83659 1117.451
2998.253 -435.6979 831.307
2820.88 -54.52727 1154.796
4583.708 -1126.679 1534.444
2421.85 -190.9759 2034.407
5155.274 -217.5657 1238.308
3707.177 -440.6248 1520.954
3941.127 77.28573 1184.707
2845.014 396.7998 1334.626
4762.721 -103.8073 1112.382
5267.196 566.0496 1758.728
9382.059 2234.522 1530.225
3505.069 -250.3946 1336.734
5181.665 655.0866 812.6982
4370.312 51.66367 1010.127
3423.427 199.0897 1286.521
3070.009 -198.6447 1044.122
2946.958 -121.982 1324.051
3812.489 -13.68355 1674.736
6539.649 -958.5918 1422.994
3757.088 -594.7998 1878.353
3911.129 -111.8639 1186.088
2691.983 -410.2572 954.4258
4830.509 385.4505 1009.089
3551.338 524.7211 1161.551
4128.104 74.61838 935.3126
3888.339 24.03282 887.1439
3050.761 -473.954 565.474
5064.098 -317.958 896.337
3392.6 -159.7405 750.2584
3270.001 -204.8361 1159.509
4250.629 1442.832 1571.821
3323.807 -283.1659 913.8171
2818.487 -153.0517 787.1045
2445.163 31.50667 701.265
2987.292 402.1889 872.6883
3004.697 91.63071 1049.417
2839.981 -39.35186 658.3508
3110.896 -107.7866 884.4296
2510.757 209.85 660.1612
3764.865 176.0069 1029.297
6665.372 -449.4107 859.0897
2759.618 -622.873 1223.221
5366.065 -650.5095 2112.522
4619.493 -1279.706 1264.77
7341.595 110.5289 747.1791
3644.529 212.8613 1161.305
2536.446 -218.5062 1133.32
3217.827 64.1213 663.8825
3504.066 350.9588 857.6337
4777.675 -808.9527 1037.985
3478.149 252.5425 799.0004
6351.567 -715.6024 852.3224
4699.823 -423.3539 656.985
5221.109 -534.0704 791.2922
3337.507 183.9511 949.0855
4312.082 -233.9764 713.7205
4339.334 -439.8511 869.993
3246.182 103.2559 941.7426
4762.984 -522.1881 870.4387
2263.966 230.4935 1063.261
3908.441 -309.7443 1278.547
5015.347 1150.503 1628.591
6733.35 763.5243 1051.544
6521.569 886.8169 1711.017
3050.816 90.50531 747.8255
3336.115 36.47442 857.1918
4583.817 13.52066 791.6158
2704.198 146.7683 1035.821
3098.352 389.3159 734.1326
3909.819 -471.4339 826.8919
4880.714 -229.4913 832.9105
4263.611 -91.8789 927.9506
7891.154 -436.1053 782.3484
2849.097 -521.9158 1107.085
4136.99 -251.1887 681.639
3944.4 156.2859 696.5889
4939.962 -256.8675 1083.891
2631.735 206.5131 1017.131
5009.241 -135.6674 741.1468
3786.902 -18.40723 865.4914
3472.446 928.5594 1824.52
5219.771 -399.7176 1122.48
2646.139 -189.1955 1200.536
3669.345 27.37014 801.0295
2875.599 -171.7878 713.5298
4148.575 393.5986 698.9026
3469.659 449.1594 848.9541
3795.821 -372.6419 1087.482
6275.651 -275.2471 1322.586
3535.531 -525.8764 933.7462
3122.815 -339.2126 1219.664
2683.227 -235.0944 1260.56
3401.392 -350.7604 969.5579
5314.46 788.3934 1303.753
3291.398 559.0379 1036.049
2107.666 140.5032 1131.307
2598.046 -757.3042 2909.075
4377.478 425.6757 1077.911
5582.387 112.4141 918.9644
4915.598 -280.1191 990.6177
2858.578 213.8067 549.9867
4267.658 248.9142 1053.288
3975.308 -148.5757 966.1998
5125.632 23.97995 998.998
3056.643 -5.82628 775.0625
3400.792 -22.96912 1057.587
2524.971 579.5031 1667.773
5518.48 -1305.879 1435.641
3690.918 423.1736 1387.351
2542.169 -92.01329 1349.042
5184.981 -15.67603 1175.864
4374.865 -12.64527 660.8647
3694.487 -173.8204 919.913
3709.493 -35.24629 568.3191
4711.949 -1033.605 1386.107
5857.015 -30.09167 875.6352
3372.158 -74.29507 1062.388
3512.031 18.99093 666.5666
3186.541 1.622644 1030.089
2743.629 -629.5864 1069.121
3054.213 -186.0653 673.1056
3936.115 86.41 819.446
6021.103 252.1223 1197.834
3309.876 -362.8227 1199.335
3376.308 56.86806 1157.008
3306.339 168.4681 745.5813
2947.765 100.0378 1125.328
3766.361 -182.4552 719.147
2583.354 -56.65034 765.5584
3145.716 336.6591 820.8951
5619.181 165.3742 995.219
4941.441 743.5986 684.9
5864.936 -676.9704 1353.355
4279.131 613.453 966.8217
4796.972 -917.5444 1555.201
3490.403 -580.5055 1296.628
3258.411 -200.8545 675.2722
2995.686 -380.888 1076.856
2739.843 -44.53411 1046.94
4326.645 -123.993 650.9334
5408.566 -896.9174 636.814
3647.329 -410.8259 793.7493
5291.499 -67.79491 646.4653
6054.937 200.5769 901.4552
3864.126 -397.7636 678.3935
4150.545 22.46403 779.7175
3633.864 -891.2128 884.0933
3060.648 108.9049 1644.831
5716.636 -458.7576 658.7104
4521.82 -676.5906 1240.911
6680.704 -810.2078 911.2372
6167.042 -1731.357 1628.714
5583.85 -676.0824 1034.228
5406.982 -821.0429 737.1642
5076.325 -499.3826 1135.282
4914.992 -978.1953 1095.862
2912.71 39.72221 1475.028
5870.459 -1018.576 1967.665
3057.223 -179.2868 636.2362
4044.473 915.8059 1003.436
9227.444 466.3586 1206.621
3855.056 1062.422 1775.402
3278.252 -803.0287 1337.524
3132.164 -399.5687 729.2321
3814.767 -349.7622 926.065
3360.491 -479.0685 1068.014
3104.517 -222.6932 806.4055
3311.857 -447.3734 864.306
3494.232 -761.3148 1538.621
3480.919 -7.74504 1150.502
3067.031 -166.0732 1912.902
2978.856 -409.2858 742.6705
3544.911 283.4363 1213.209
2740.599 -210.0104 1651.063
4170.812 -1046.61 1610.358
2289.55 -62.58541 742.7416
4582.8 -100.3668 874.3984
4775.36 94.05089 929.1555
5184.631 372.1881 903.124
3483.748 163.8122 922.855
4249.234 705.1033 1199.268
2423.764 -87.23979 765.9384
4405.659 344.9161 671.1043
2561.347 -508.2601 1259.249
2847.602 -327.5821 1218.409
6004.164 1256.289 1710.671
4536.1 -94.89511 719.1889
4028.89 -953.7144 1476.641
3972.29 86.20636 704.9602
8934.505 -723.7162 994.3684
7058.22 -216.8644 1049.44
3994.357 -864.2643 1096.401
3392.276 -269.176 1147.544
5223.035 281.5017 910.4809
3943.659 91.41272 960.0248
2750.973 235.4822 1200.545
3741.678 -479.2882 801.821
3599.563 112.283 1273.316
3038.589 -189.0057 1134.51
2275.32 -289.829 1043.095
4190.212 -112.0879 1228.851
3475.252 -265.6738 703.4424
2918.205 153.0043 638.5801
3394.995 -226.6492 665.8216
5135.518 -224.8064 662.7197
3400.635 561.5866 1227.182
4501.625 280.6997 896.5309
3444.522 124.9452 884.7842
6153.396 -1148.095 887.6231
3129.874 402.1942 1349.755
3244.96 -261.3528 679.1653
3130.704 482.2675 1419.257
3932.629 -453.2414 1066.74
4123.098 -281.4857 1364.59
3351.466 57.4424 1374.044
3119.034 -323.5507 1771.05
3878.93 293.2961 1236.835
2894.572 205.544 1532.187
4433.514 878.075 1814.757
2914.846 -278.8353 1240.654
4080.11 -885.9565 1197.456
5394.686 -238.0401 855.7942
4768.226 4.96137 752.1937
4275.776 506.0039 813.5922
3520.653 -50.35209 1018.317
3558.646 -481.6362 1251.937
3203.95 -336.2084 1341.97
4156.763 156.9252 2372.966
3414.956 -222.6077 988.5215
4559.924 -1237.069 1317.026
4072.366 -842.5379 2491.193
5644.036 -604.9268 1545.466
2337.557 -83.98287 1404.357
2665.698 -719.8262 1204.731
4434.478 961.0284 1352.279
4412.543 261.7497 1865.415
2911.843 -429.9934 774.6272
5316.538 -516.8099 968.0199
3745.02 -1274.799 1560.963
3432.62 -438.2035 1154.468
5078.254 612.3044 916.7985
3868.343 -240.9398 1356.256
5601.276 -364.2759 1136.821
6146.599 511.1082 1458.655
4728.553 565.4107 1380.595
2875.746 519.2034 1801.63
5240.353 251.2254 942.3067
3785.918 -55.33296 1320.77
4443.1 390.9404 1857.02
3988.477 166.8189 876.8586
4465.857 537.4076 1556.751
3129.317 -818.2003 1614.24
3082.183 -222.5278 627.7011
3528.981 -65.99678 640.7942
3512.272 -145.9089 798.4046
7322.633 -775.6696 1742.211
4679.361 -533.9373 1206.335
4613.043 -36.59706 1273.807
5172.583 -270.4878 1179.013
3600.504 -607.8144 1512.813
6806.527 292.6332 1058.367
5272.594 -138.1033 996.248
2277.745 -414.589 965.8226
2269.653 72.29669 1472.135
5662.934 -1426.927 1100.537
4149.452 56.5878 768.6542
3437.187 -259.3382 583.3725
5059.92 1157.512 1207.225
3289.203 -60.73015 908.4924
4351.811 308.8595 1208.116
4384.451 -29.63333 1131.713
5021.06 201.5417 1186.165
4021.907 771.6857 1725.123
2329.216 -178.4517 1085.796
3223.444 -340.145 953.261
2899.268 -378.1917 608.7437
3788.712 -152.5895 1340.775
3345.441 -809.5821 1188.958
3534.898 -86.79711 671.7646
4674.959 -844.5338 1552.635
4032.991 482.8 914.7278
3232.667 -37.88577 1803.958
3601.478 -108.1386 757.1314
4892.199 -312.6944 851.2547
4405.082 -259.8159 1052.436
2673.369 -476.152 774.6592
3682.517 -259.3061 1080.643
3227.246 191.3299 1208.874
4039.327 499.8193 818.4089
3165.419 -370.5087 946.3898
4070.837 564.7962 889.8805
3416.287 230.8785 874.2832
2143.847 282.6504 1204.579
3415.929 671.9833 1004.243
2419.413 463.5405 1605.141
4846.935 253.9693 665.851
4148.513 -48.70916 894.8118
3646.908 121.4451 1070.969
4760.465 -240.2452 1289.164
5243.642 -412.8769 1814.686
4061.706 458.0138 1431.166
3725.729 127.4873 1212.836
3422.057 -95.41608 572.7465
3118.297 106.4492 1072.009
2838.937 49.72571 594.3379
3163.476 -185.7416 1333.23
2874.608 -122.1586 1130.833
4288.855 74.19451 1141.697
4046.27 438.2023 786.0494
1819.928 200.2201 866.937
4119.033 -545.1785 1271.415
4342.523 -454.4859 1006.904
2760.644 -100.2506 879.4847
4487.715 544.4678 714.4625
5801.703 -379.9199 1039.375
6425.714 191.978 535.4881
6958.652 -605.0177 983.8794
6828.201 259.0093 1110.209
4628.66 764.7888 905.9359
3325.247 -235.2186 760.8285
5528.871 -288.6247 897.6544
2677.268 -754.8344 1655.158
4847.332 -541.5852 1122.101
3128.021 -848.5422 989.687
3524.123 414.5599 1014.25
3252.897 300.5495 1246.301
8012.406 59.47024 1282
5476.442 -587.0069 1045.188
2099.155 -101.0861 923.6119
2375.812 90.60782 996.4494
3348.014 -219.6242 1202.581
3088.832 -348.7162 997.2849
5235.099 -314.1757 1200.634
4975.858 -648.7149 948.2477
2456.828 40.46376 1008.596
4973.244 -737.5033 964.192
4259.851 -534.1652 683.8871
4684.989 -454.5736 970.2758
8812.465 107.3709 599.106
5543.934 368.7582 1110.871
5029.003 -823.5654 1186.809
6911.552 338.3031 829.9151
12563.09 -2.236944 1383.419
6349.499 -616.5586 1013.997
5504.819 452.7571 1323.608
5165.081 552.7167 1213.895
5595.383 1058.2 1270.803
3230.27 709.0277 1114.215
3695.237 -94.86281 779.587
3497.305 -36.39597 1049.402
4247.51 68.80557 1132.762
3922.005 -136.2353 944.9837
3054.692 -348.8607 1249.143
2836.166 49.7894 627.8144
3461.968 -332.9564 1155.251
3979.136 572.6535 1553.791
3235.262 455.6383 1041.993
5740.067 -608.9577 1089.591
4701.788 231.3032 1383.754
7191.724 221.1731 732.2106
4231.04 -792.7621 1573.677
6307.591 -368.8218 1390.022
4109.899 -102.0332 1146.991
4252.5 420.2671 575.904
2783.514 384.24 926.2588
6437.315 -844.1067 1099.037
3616.392 495.3002 1853.242
3973.644 860.9083 1842.919
2892.697 -317.1073 939.6621
3049.067 -194.3119 1105.515
3337.928 73.68069 1006.473
4367.92 -151.8299 1013.914
4079.588 1117.207 2246.937
2652.864 -325.3848 1368.618
2375.344 -33.1076 859.1912
2417.181 -223.5284 1101.703
4071.343 -691.897 1180.092
3414.323 -201.265 620.0111
3189.037 -339.5434 1395.511
3863.445 179.7324 988.6138
5268.75 -629.7086 1129.194
3613.813 -348.0834 848.8073
3498.366 -627.3963 1205.301
3435.668 -961.8306 1625.033
4230.468 94.97627 550.3387
4116.339 -167.74 861.2722
3503.624 188.0811 1109.947
5036.094 -739.3362 1589.146
3085.818 163.6218 837.0932
2930.478 361.4215 887.487
2113.306 136.1657 1063.256
2792.495 -155.7587 1140.162
3039.961 289.9816 899.2659
2344.28 224.0793 1109.096
3817.294 -245.421 1449.24
2706.648 480.0271 1140.407
2704.532 -190.6223 1033.398
6060.512 -193.4064 896.3048
3290.3 -33.03595 859.8994
5028.138 160.9529 1493.561
2662.425 707.4569 1836.375
2487.465 281.9315 791.9549
3037.13 560.3434 1385.766
2498.847 133.7018 1507.72
3869.517 -386.9203 1076.644
3733.083 317.0208 673.4961
8388.929 -197.1594 1246.751
2892.284 179.8456 1640.211
2970.849 312.1561 760.6681
2318.685 -149.3403 1182.635
2633.392 110.6801 815.7696
1882.865 -393.7164 1216.258
3204.925 -454.6185 683.5134
4377.884 -786.3571 1208.482
1746.481 149.4516 1104.935
4728.475 -399.4914 1039.505
3046.571 -81.61972 877.6551
3799.043 121.6932 1340.959
3477.162 -518.1315 1684.275
4672.976 -902.3466 1481.901
4335.889 637.2645 1136.833
3363.798 -75.41702 694.7393
2807.571 -155.7642 1573.477
3278.545 164.0894 1073.276
4627.785 276.1428 959.4483
3293.417 258.2173 1233.1
4425.061 -115.0306 904.9895
3843.29 -390.5267 1234.421
3118.779 161.4981 1359.211
3709.199 68.18067 1481.645
2951.897 -192.614 881.9024
5459.618 273.4165 1602.909
4716.54 -441.5465 1679.52
3372.951 -117.1645 1198.018
4170.727 753.7572 764.498
5759.574 865.7003 821.6438
2587.304 -233.5034 993.7643
3498.458 498.3035 642.9566
4656.277 527.8512 1448.205
3067.525 62.45786 1040.278
3622.703 -117.4486 1103.227
3592.586 427.3988 1787.3
3963.011 -422.0493 852.6048
4935.127 -38.05399 746.7418
4792.217 -682.9564 941.9313
2946.383 -141.0473 900.3554
7090.754 -1174.221 1435.033
6369.384 -2325.681 2375.95
3994.73 -155.1276 1299.769
2550.936 -716.3007 1275.59
9790.304 -699.4089 1516.988
6094.705 -726.8384 1263.48
3633.565 -453.4621 894.1946
2741.374 547.6833 959.869
4523.395 470.5845 1454.211
4892.931 -128.0316 945.0056
4083.41 23.10498 1242.761
3403.26 177.4992 703.9401
3949.954 699.3845 938.5198
4081.847 -113.1974 1000.054
6335.697 -530.843 841.6461
2505.806 -368.3707 1630.149
7871.843 -685.3807 1322.154
2713.969 -10.13983 1674.425
3366.538 -361.6621 676.5655
4017.437 -410.2502 1003.967
4587.487 -161.621 804.8386
3444.088 -366.9459 688.7507
6429.995 -1433.615 1220.433
4490.357 -1217.269 2588.033
2545.601 -109.6332 454.23
4002.14 301.0798 1468.509
6265.64 -94.39329 1093.672
4053.231 -641.909 668.8397
5095.893 -791.7048 748.7779
4160.147 354.2188 1233.691
5566.578 -225.6431 747.2542
5088.093 -68.36972 932.5412
3085.413 124.5186 1148.386
3264.649 -271.5507 1278.784
3302.001 -537.9473 841.5906
2458.061 120.4772 1478.284
3246.828 -1179.057 2384.407
3262.863 449.4857 1339.588
5352.221 807.3159 1044.283
4465.409 68.30411 1779.262
2469.424 -17.50558 661.1711
3670.008 596.4619 1114.414
6635.165 725.1032 1702.071
4913.001 1339.582 1757.425
3595.906 158.6727 848.7395
2451.93 -498.2234 891.6185
4236.718 971.5207 1723.294
3237.73 85.38653 820.6295
4055.022 -650.748 1215.458
2504.729 178.6438 668.2123
2508.8 311.3457 927.7705
2841.932 -124.5152 918.6189
4091.16 -247.2881 1497.245
2340.532 79.60135 1070.805
2505.277 623.9191 1423.227
2809.892 274.6074 1243.067
3386.132 -310.4554 1725.011
3624.182 304.2093 970.7207
3922.047 487.1814 981.9875
4326.173 334.2624 1011.941
3579.599 118.95 1211.314
4692.452 -294.1288 1065.372
2966.655 -163.6683 1020.522
3075.489 -69.70873 877.3733
5103.929 167.9223 1266.847
3903.223 -696.6755 1858.518
3512.087 -297.2369 1030.864
3462.484 -397.9319 1066.661
3025.813 -359.3913 1015.813
4792.866 373.7451 1217.339
3461.645 -491.1207 894.5584
5009.498 -550.0729 686.5209
4447.389 -141.6778 917.446
3686.538 118.477 1107.377
4003.162 -384.9107 783.4237
3835.089 -1.307337 1192.319
2801.685 -74.96923 802.5022
2601.843 -29.99272 1076.383
7308.845 229.9513 1132.356
2934.677 -340.232 775.5049
3716.233 176.5657 1327.95
6339.459 -203.2187 1160.687
4045.082 -824.2823 954.6809
5686.58 233.5627 833.298
7975.94 158.0907 916.2273
4892.124 67.19291 1024.246
3930.029 -537.0412 933.4099
4002.746 52.4035 1066.163
2545.495 -323.8074 817.9097
3219.384 77.5417 1237.884
3938.058 -563.9297 1342.417
4178.561 -444.5438 1085.235
2898.6 201.5436 1619.009
4004.7 -81.60258 990.5198
2961.498 532.7644 1115.964
2282.669 214.5302 1293.359
3612.195 727.2397 1745.843
2955.114 -735.7175 2329.099
4005.136 445.7809 2734.632
3227.396 -339.873 2749.189
4264.294 -1172.905 1607.089
3781.405 -336.4412 1711.901
4544.395 -1452.071 1654.969
4032.473 -300.4606 1236.754
3701.294 -550.5719 1396.749
2881.132 -633.8976 2026.262
3059.757 -314.571 965.2294
2949.2 -40.76508 1655.687
1961.701 -128.9978 1134.687
4021.23 -898.61 1281.584
5218.73 -133.5384 921.7321
2685.747 125.6602 1388.822
1701.587 -149.1558 1302.746
3376.366 -148.358 1364.921
3764.406 -626.8046 1414.324
5927.497 -626.9149 939.9866
4429.879 376.4478 918.727
7056.905 561.3432 1252.736
4196.431 -191.3123 1301.996
5293.287 -1860.137 1911.328
2530.725 35.9685 1108.087
2218.7 -140.9421 892.0284
8449.862 -210.3019 899.1153
4279.472 384.2301 1281.109
1987.424 29.4079 871.7165
4498.847 535.0612 1186.335
3112.106 -280.7077 1185.333
3124.563 -273.1209 982.2118
3220.287 -96.2335 887.9202
3378.881 -331.7079 972.1669
3140.138 164.6425 1094.641
3250.43 -366.5993 774.6787
3197.157 -391.6565 1170.709
3737.858 -172.032 971.7715
3717.987 -52.97736 912.8657
3053.404 164.329 797.4164
2725.829 183.6185 1144.437
3330.658 -503.6048 1852.106
2435.502 16.69497 1909.079
2356.604 257.7469 899.0334
3045.472 -310.6769 704.7908
4764.866 465.7471 994.4352
3034.153 -121.7762 806.6025
3431.852 -44.56159 864.0517
5216.76 -422.9271 1395.209
4117.023 -14.23929 985.146
3705.017 841.3344 1095.174
5028.917 526.0283 1404.356
2673.792 376.1571 1358.329
3276.14 150.1168 1390.465
3913.623 -201.4373 1325.579
4519.294 256.3003 1345.909
3244.338 424.7025 2027.501
5681.847 628.7626 1020.259
2388.932 -127.667 1654.248
3508.762 230.2623 1367.426
2675.397 504.2758 1074.654
2923.823 626.7033 2533.749
2193.858 -170.7684 1548.502
2567.308 -196.2324 1014.221
4357.875 -24.88084 976.443
4431.931 -227.1917 947.1354
3334.156 247.1671 1355.636
3108.974 -241.8627 1284.535
3389.497 82.92678 713.1577
2617.258 -366.4464 1656.384
3399.227 125.5369 1102.576
3392.715 -62.23003 884.6968
2996.861 -516.0744 1272.195
4360.389 -875.4401 881.9486
3896.443 -78.73749 1164.936
4003.436 -758.9869 1070.04
2675.9 10.01921 1761.641
2070.384 -52.95422 1333.542
2320.154 -41.48232 1194.817
3333.24 11.78469 987.7855
2662.409 66.41248 697.105
4752.702 -276.5367 787.9486
2019.506 -58.76156 1192.305
2694.361 -6.350629 742.1067
3297.315 283.2787 703.7885
3865.561 -1039.328 1387.543
2237.43 242.9364 887.4359
2533.611 -75.82848 765.2777
3152.855 183.2686 864.8942
