855.2563 -227.5577 160.984
719.3162 -28.61523 58.33586
1380.518 -199.7679 197.1443
1295.993 -271.2868 242.7446
491.4234 -56.79189 116.364
640.9113 45.32207 94.52568
495.6994 -74.75898 115.6664
730.2673 -78.41162 84.39027
1016.825 -10.14255 212.485
1146.79 -38.26842 127.5015
871.5 -47.02476 119.7567
1171.144 -120.7967 130.7276
721.0552 -79.47733 157.7132
998.777 -122.6594 117.5068
918.5435 -176.6688 120.3067
814.3186 -17.23921 139.3511
842.3646 -121.7001 121.4983
808.1798 6.05889 126.7007
580.1862 -92.81156 118.9694
1527.919 -153.8516 94.40363
1211.418 -122.1619 200.7061
1031.09 -38.03752 185.7198
2206.762 -94.62038 103.1019
795.4686 -143.483 135.4547
915.7383 60.46345 158.2811
1366.753 -62.42571 99.50035
1316.54 -223.478 144.3331
1515.209 -110.5784 98.53942
1508.105 -124.757 140.5458
2010.859 -246.9999 129.2606
810.2612 -145.0946 156.9549
947.2023 132.8715 149.6522
805.8485 56.51089 123.7773
2133.926 -526.1246 263.5207
962.8709 -89.02238 81.48334
617.8824 -39.97309 155.0412
979.4099 -184.9154 179.3681
1486.624 15.56568 136.3856
848.0719 -98.67883 99.58733
995.643 -33.69591 146.005
630.1818 -21.47945 125.5026
3508.119 -135.3762 83.92486
768.9077 -173.2076 326.2712
961.5896 203.9961 194.5855
2279.989 -488.7373 221.6181
734.0199 -43.00463 154.4894
1107.026 -132.4199 115.3653
1098.759 -27.23265 88.72343
1020.615 -71.35299 287.4774
536.2017 -98.79894 183.9987
1171.926 -24.22707 116.062
1091.977 -68.24733 169.2723
1560.596 -9.485066 87.16586
1205.786 124.3797 66.79772
946.253 -27.03061 104.6771
1220.794 -153.5974 174.9623
998.3456 31.62157 75.5001
1099.489 -261.9819 214.5824
2360.632 -134.2149 112.3091
1181.363 -183.7657 199.4954
923.4101 -6.756377 94.36714
1220.034 -98.87826 190.1669
743.4611 -69.90321 105.3757
755.3178 -142.9347 165.0116
693.5144 -52.87876 202.6604
970.6274 -72.75963 113.0172
670.6507 -18.98186 69.21814
1148.647 -42.84186 205.6027
965.739 -53.99197 95.7506
1712.807 -50.15716 99.9597
687.9778 73.42018 117.3423
1494.563 -158.2272 128.3531
1243.224 -97.26816 90.8634
752.9723 -27.78332 86.35887
653.832 -13.73721 87.13502
1233.259 -113.1069 103.9357
965.058 44.81589 158.6376
1720.995 8.806371 85.24211
885.6044 -54.77115 90.63978
1000.047 -48.08203 135.2072
1109.029 92.28244 183.479
986.5894 -58.51958 132.7483
1261.374 -179.9188 178.4892
1159.884 44.42745 138.2588
1484.51 -239.1675 208.7592
1481.084 -115.2525 143.1495
1714.647 -256.6796 172.3603
743.4095 -128.9945 151.4417
1145.036 -91.00985 108.1867
553.6938 33.16889 110.7463
1394.155 -140.6671 83.27532
885.6333 -286.8165 337.8668
811.7403 -87.13161 131.2352
1031.455 -72.92287 112.4726
1139.802 -196.403 141.1677
2031.548 -221.1421 114.7377
1612.147 -214.2095 268.6432
583.8761 -31.85694 109.1815
1108.426 -233.5335 182.7029
515.0033 -52.43255 106.124
904.1591 -61.60534 133.6627
1205.62 -309.0451 217.8546
1180.556 -237.3644 187.494
957.0576 -83.03688 130.4493
931.4716 -148.8776 154.2425
829.0858 -103.9625 163.4012
989.0033 -76.43023 83.7848
698.3881 -127.9235 155.072
741.8523 18.68549 161.9995
1360.245 70.96663 96.11954
988.4342 -10.76205 199.7581
1060.195 -29.34351 161.0842
688.7108 25.02915 61.22361
1626.456 -35.76889 66.7217
1658.107 -111.5066 152.6094
1684.032 78.00434 84.12883
1136.573 -141.0072 221.2512
1080.375 -123.9298 264.6127
1424.638 -194.9321 162.4675
865.1683 -96.74317 196.3324
3304.333 -180.712 199.9568
1558.317 -106.7476 144.18
816.4584 38.54374 144.4686
514.8177 -58.2082 135.2103
1005.952 -20.29615 89.81857
685.8861 33.0549 165.9659
853.8418 11.19469 243.9923
1670.049 -233.5861 205.2875
906.6659 -198.1772 223.949
1634.078 -129.8287 89.1194
718.4086 46.97994 144.6835
1819.357 -217.9968 190.2416
624.4366 -56.98844 120.8823
2494.591 -251.5638 137.8661
1049.881 -113.7339 100.6199
798.1992 -80.98399 95.21609
709.844 34.38484 218.8466
1097.368 -127.0312 141.4846
1476.774 25.32452 92.94342
972.0872 -34.88932 134.4738
708.0659 38.99987 108.9511
1330.159 -18.98198 107.8047
1107.636 -54.43131 76.44634
1171.032 -15.65827 77.16208
1207.048 -186.4781 107.3531
687.1948 -9.440414 108.5642
1211.44 -85.39547 151.1722
589.1879 -91.83218 95.14962
987.4844 -100.0943 99.20045
740.1816 -14.26146 146.8021
793.9516 -30.77473 149.7501
1060.538 -119.8983 124.3591
1670.525 -244.4817 116.9755
948.9501 2.674673 85.17432
1580.35 20.23195 126.7288
1504.002 -149.3342 99.39108
1213.94 -43.50185 145.1255
1423.24 2.373481 100.8468
1096.915 49.31758 114.9839
1014.195 -196.9907 201.7148
1005.458 205.2289 266.1197
1220.751 -136.8926 255.5441
1324.843 -89.61629 103.1292
1094.395 -82.0636 87.84751
1201.622 -51.61729 101.7629
827.029 -192.0984 241.7939
709.8785 -38.96935 188.2774
889.3334 -22.55227 173.6548
1161.025 -105.8094 103.1869
542.0854 -49.809 97.6747
738.5275 -149.6919 189.792
841.4044 -215.5907 176.5327
2265.993 -84.43245 140.3046
1942.87 -128.3316 164.3779
1974.413 -555.859 276.6144
1224.015 -220.5388 190.586
797.2687 39.01764 79.14227
754.6981 -76.48914 65.81141
1169.608 8.54088 108.2079
807.1326 -148.7469 137.0618
1392.546 -1.133123 118.6523
1409.964 -172.7461 76.8041
676.8549 -62.65249 176.7327
602.5769 -96.94286 146.6171
755.4339 -91.23829 223.481
1353.755 -138.1894 141.0451
1338.853 -133.8452 161.6229
556.667 -102.17 98.97606
2107.97 -80.52399 104.2136
937.6668 2.830732 130.5825
999.0926 -282.604 226.8083
783.792 -37.99783 164.072
924.8806 -105.3174 149.4488
1106.406 -55.97064 125.9095
1471.414 -161.1841 139.4681
1421.448 -110.8388 116.6199
1495.526 -31.55504 133.6675
657.8366 57.41627 133.3825
1198.194 -181.321 174.5951
1042.729 -295.0128 159.3727
824.6668 -18.35981 124.8065
3927.31 -94.35608 110.1196
1145.129 21.135 93.91674
579.8858 42.66996 129.2237
835.4224 -99.15562 170.475
1232.654 -129.1986 143.7713
712.8168 -19.87135 115.0501
1167.452 -35.30377 178.4681
928.9514 -93.47537 181.4859
1143.626 -28.19504 143.0236
593.1032 92.22403 148.884
680.9362 -58.59637 84.58449
1373.509 -173.5254 107.8149
694.8216 -104.5287 177.5897
1265.723 47.83355 65.02218
947.2778 10.1028 99.44794
1724.994 29.89043 123.6987
1513.928 -162.1915 114.3937
715.6224 -132.8361 167.1994
1034.985 53.25188 138.9335
1440.274 3.774126 110.3929
1385.955 29.35423 123.4466
1273.302 -120.8076 166.1458
1032.2 -117.1675 110.3519
1079.343 16.05148 182.948
1183.24 27.90361 60.72853
704.3735 5.926926 73.86738
713.4218 -7.038141 128.6886
762.3408 -55.61344 108.6603
910.6438 -135.4008 105.7754
873.1066 -150.4085 205.5845
579.6483 -46.10279 139.9941
1180.393 -169.2274 153.3632
1248.985 -136.8197 112.0884
1413.524 -186.037 129.8234
1480.183 -132.0986 118.9687
1115.886 77.45027 147.4233
1049.725 -41.89872 147.252
1823.318 -425.3675 372.0226
807.836 -69.19787 153.8275
941.7286 -84.40632 174.4022
1745.938 -9.494892 120.8609
1191.651 -61.08198 112.9438
558.6458 -102.4529 110.488
1069.896 46.66611 103.3323
1086.398 170.0815 261.6053
1237.823 -213.8877 132.6681
1616.297 203.5177 141.1071
1001.706 -137.1387 173.659
825.9522 -26.9417 73.00928
903.303 -119.2808 181.3157
1051.24 -70.12466 116.0152
890.1569 -22.79477 114.5395
757.5967 -106.2777 99.3144
1545.584 44.01105 257.9912
1317.28 -104.2778 283.3398
861.3831 -50.14009 152.7279
876.1145 -51.57926 145.7062
1150.936 -139.7155 86.31255
848.1599 24.73424 119.1691
780.7224 -56.60431 147.7369
969.8623 -9.845784 99.33926
691.2641 -85.8965 75.74089
712.7671 -37.99262 166.1869
894.2053 -111.0684 133.0426
566.254 15.27678 101.3849
871.0185 -148.4492 154.5197
802.9707 -196.7867 99.82002
1652.244 -213.2388 144.887
844.4126 -125.3022 151.2315
877.8329 -84.58994 88.84918
1370.578 -58.14713 121.7659
498.791 3.322226 143.7199
1079.612 -144.7163 137.4915
905.5862 -191.4159 112.9036
1109.649 -136.7253 84.90407
989.6229 -50.57564 112.1244
769.6297 -49.90464 82.42759
1552.521 184.5691 175.4781
1385.688 7.259297 100.2796
1456.664 33.51075 207.2293
2399.097 150.1572 122.516
819.1182 -79.16823 101.572
1642.826 -197.9438 141.0826
831.0222 -92.7896 143.4388
996.3218 -261.9446 173.9664
677.5052 -79.5491 126.6999
963.0779 -78.38119 80.09179
1215.558 -84.87551 186.7708
1298.465 108.2588 92.66021
2407.209 -193.5244 168.6541
744.569 -291.7999 307.7471
557.3696 -11.12199 146.9274
1369.532 -76.69811 110.3048
1327.262 -134.5057 83.85842
1398.762 9.138544 136.7988
1853.045 -121.7281 80.26616
808.3698 -123.656 101.056
1227.655 -39.04502 208.2616
921.1022 -72.74025 109.5163
755.9511 -48.52463 139.0222
617.6076 -121.3608 146.3447
1098.419 -25.01373 121.5965
632.454 -26.4314 74.46994
1443.196 -292.3738 250.8384
798.5413 -110.2317 143.0414
830.3285 -48.00382 280.6753
833.5256 -42.89651 55.94863
706.7065 -65.35725 78.80113
966.5681 -38.92642 114.3451
676.1161 -36.38272 90.29064
591.3084 54.89897 126.4734
1014.326 13.18915 321.7936
624.1626 -81.29802 187.1888
720.1572 -173.6717 269.5368
1142.804 74.79258 238.1392
1621.066 -64.92979 101.4803
672.9612 -33.17029 142.4309
747.1905 -68.03332 121.1546
1713.084 -111.2241 107.8559
1013.675 -203.3017 111.9391
748.8326 -40.48535 115.3786
894.7134 -20.67326 142.3895
731.8082 -88.39749 73.26111
1038.78 -211.2627 215.8862
1298.579 -42.03086 112.3441
1061.352 -47.44718 135.9903
1256.946 -188.8245 111.8862
1011.469 -110.1747 83.48371
1381.778 36.21718 119.1165
879.998 -112.0783 119.7016
958.9125 99.38829 97.61948
542.6239 -19.70856 192.2731
713.1322 -140.9003 130.8378
2419.505 -550.2758 190.5792
860.5292 -112.2954 102.6702
814.3169 18.52344 86.6039
1220.605 79.10408 211.9912
749.1564 -96.89778 84.92033
1210.768 -125.5496 168.527
992.7262 -142.2899 276.1731
807.3376 -22.01362 102.7382
1065.958 -212.9309 170.6086
1126.212 -293.224 183.0297
859.8944 -155.1953 228.4597
644.601 -62.04176 115.2344
964.928 9.675766 97.21836
1139.704 -151.9471 156.0828
1948.646 -194.2189 176.2855
615.7512 -66.08172 200.8147
340.3456 -43.97435 86.77053
1304.47 -169.5496 132.8535
635.4128 -70.19085 117.2398
600.6512 -41.01842 207.9834
1406.25 145.3169 196.1269
934.4945 -46.15726 181.9207
980.7011 66.61831 151.5888
1266.288 -12.00848 143.6183
879.2966 -108.0388 124.1825
909.8447 71.51523 188.2217
1346.405 11.68919 117.2193
1315.218 -266.2245 275.9377
1678.74 -154.8748 139.2497
1113.715 -205.9173 208.3762
910.8634 -36.07199 146.4613
1250.602 -126.5196 136.9665
1519.205 19.81192 110.5673
1266.479 11.02113 98.0302
1898.141 -171.852 150.4786
812.9687 5.19555 304.9621
1195.574 -207.5275 135.8243
1144.934 -184.8612 145.9199
1154.883 -141.6428 99.81836
1028.395 -126.2221 149.9022
885.1212 -118.9665 81.70155
770.8966 -59.55746 135.3543
1262.933 -37.40141 81.51373
501.9579 -12.99643 156.0834
756.6058 -49.42717 157.1905
1179.372 -39.43461 145.2755
954.1964 -155.1781 115.1483
634.445 30.38115 203.188
1643.128 -141.5823 153.0935
551.5748 35.91433 87.46701
733.1225 -31.57637 78.09335
1384.567 -94.92145 147.213
1062.724 15.58912 119.2328
1255.676 -162.536 139.6874
910.0887 -45.83282 99.54503
1544.653 -326.1712 228.5103
1529.382 -295.7747 205.0226
1467.505 -39.34813 90.44521
1493.725 -88.08053 137.8209
1175.765 -80.3088 105.6667
1693.388 -196.1713 161.3261
520.1768 -154.3609 235.378
3013.262 -81.92427 111.8144
1779.589 -85.5406 191.7453
1326.335 -147.8257 63.38813
1074.321 -14.07861 78.06987
1270.343 -197.0327 145.3486
734.1952 15.12429 131.0625
793.4238 -0.7988317 214.3833
2127.096 -45.54935 84.07709
1923.133 90.57982 130.3152
966.6404 -153.0536 293.1692
1037.746 -28.37248 215.7433
1021.903 80.73411 100.09
629.954 -80.44419 217.0262
618.0506 -108.5738 119.9105
799.9407 -107.0414 121.5344
1510.42 -280.075 201.636
1137.244 -149.5575 257.6547
1030.416 110.7491 130.4888
2200.396 -206.8266 178.1756
874.2192 -55.65977 129.1147
1216.364 -161.637 140.3363
517.0102 30.00791 216.6035
576.6825 -64.22764 92.66799
449.1404 -84.64718 98.31366
819.0622 -41.86742 90.69003
566.9493 -66.25057 147.2383
1332.433 -64.25634 124.5114
2378.286 41.42545 119.7767
1041.33 -77.81064 89.53289
1211.546 38.52434 60.08672
1517.852 191.4299 248.212
1337.824 -345.707 248.0804
1379.518 -251.1663 180.2752
821.3824 -8.737031 147.1084
2287.074 -178.4724 95.5068
1566.269 83.34911 123.3414
1343.507 -225.5696 171.5049
500.203 -38.96921 385.3008
1437.045 -127.3486 185.4355
1517.899 -255.9618 132.5659
904.0189 -201.9982 121.4336
1688.889 38.35356 132.6194
1575.449 -13.147 128.5269
1489.265 -199.6921 239.8398
1670.077 -174.0558 208.4225
1307.439 -221.7777 162.1134
598.2962 -89.12506 68.8951
901.885 -95.26756 130.3573
857.1796 -187.6424 133.6501
1652.064 -462.0598 359.3073
717.3551 -112.1336 118.0573
674.3072 -22.32292 76.6197
561.217 -83.44637 64.52928
1455.663 19.53418 107.6735
787.073 -272.9527 303.7657
595.2417 -47.9016 166.613
2092.334 -334.8189 201.5825
1061.46 -134.7319 128.1499
1814.406 -308.1931 192.0877
878.4413 297.7598 319.7122
1850.819 -63.91309 78.43331
433.4875 47.88184 163.0685
1171.871 66.12703 224.4182
742.9744 74.57371 274.9991
883.1903 24.71196 135.3729
1417.102 -122.4966 111.5449
1153.798 1.358798 137.0208
1493.853 -433.1358 370.8116
1069.552 29.89592 78.21302
744.2083 -99.7206 116.8912
1063.539 -185.3267 239.7169
955.3834 16.38176 99.32688
659.4395 -1.532614 179.1851
2408.036 -423.2774 168.0255
1547.271 -195.2229 134.3245
838.8923 -99.40447 103.9974
1065.144 -37.66645 133.2655
1360.439 -121.3356 194.9687
833.2194 -114.2012 108.344
1152.631 -27.51709 161.661
916.0007 -182.2518 188.0422
1321.636 -299.7484 212.0246
886.5924 -246.3314 205.2859
580.8997 46.68099 195.8985
735.4943 20.38718 111.4711
1017.916 -140.9569 119.5866
1205.31 -40.7806 138.1796
630.6578 -90.99942 264.7922
990.9884 49.07228 137.0489
558.1867 72.07415 182.5857
2550.629 30.08421 56.88999
812.0744 58.50901 112.4416
752.6304 -33.58033 137.114
819.6703 -155.9917 301.7921
829.6774 10.52552 74.18263
718.2646 -114.0314 121.4678
715.431 70.59884 96.70467
1050.266 -107.9567 203.8472
1507.783 -156.7923 118.3274
1108.723 -160.1097 93.11224
1175.07 -106.2184 140.5055
859.3295 -76.05667 127.2858
1046.676 -105.0909 281.9047
1421.488 -15.62759 43.75518
571.6495 6.820143 148.4888
912.4492 -41.51423 113.1513
724.3415 -71.55873 87.82963
813.4636 58.48979 90.66558
757.5927 -126.5946 112.5149
776.5934 -72.82534 90.62132
715.7325 -84.23518 141.7366
1508.512 -121.3103 108.6941
643.8173 -102.9478 123.9557
1743.821 -434.9915 207.5055
1769.797 -460.4216 355.2881
993.0312 -141.1902 133.7131
781.2546 -65.68906 112.5598
1714.564 -288.4366 231.7648
1216.4 -93.26347 89.96618
1022.952 -26.30486 110.7386
697.3853 -49.2686 112.7588
583.4739 6.843675 82.31138
1411.158 -134.5667 94.73367
834.5925 58.57799 150.8724
1288.866 36.25502 241.7588
951.5829 -49.20791 215.3939
2498.35 29.79955 190.5909
1204.05 8.793998 166.0588
764.0956 40.72749 119.1185
1378.811 -536.1539 391.3483
1456.814 -319.4214 212.5645
769.237 -252.8121 238.1617
1050.197 -157.1804 81.79068
1750.908 -129.6836 100.1853
1389.991 -144.388 104.6923
929.8363 94.02706 152.6913
891.3658 -115.3551 254.3375
709.4534 -76.54304 151.596
718.8822 49.28002 171.9838
1449.673 -0.564459 217.7974
1331.436 -101.3341 185.7422
606.3734 -5.117058 150.5973
880.9232 -115.8339 101.2748
936.3243 -86.77654 95.89332
1526.032 -68.04259 124.2101
993.5462 -23.988 112.553
916.4924 128.5947 175.7862
1300.503 -80.62964 70.33765
1494.082 -85.91671 87.07754
656.8791 -23.54527 91.33712
936.0243 49.67191 170.1249
1173.047 119.0165 308.9759
1162.187 18.86678 202.8176
1028.012 -223.4852 119.8348
897.2695 -67.5719 193.2033
1613.026 -174.9568 142.6856
863.7265 -129.9636 115.8221
1226.081 -139.7484 85.69166
875.3867 -85.90434 132.0865
1138.76 -61.30387 98.54517
728.0038 -116.3847 102.8184
868.878 -140.6849 178.0649
1049.302 -175.8475 125.0398
980.744 -140.0572 96.61027
785.6059 -20.24943 62.02369
1218.532 -138.9073 127.797
908.1054 -113.8569 87.04732
1022.533 -211.3875 162.9526
863.9199 -78.49664 207.2765
826.4905 -90.70752 128.335
2280.004 -222.1655 186.383
830.3604 4.092584 106.3013
1342.607 -43.35062 225.571
767.5386 -122.1704 127.6192
784.5356 -28.83 164.3141
778.9309 18.70223 105.0156
1126.179 -31.17065 130.5692
751.7576 47.57231 216.1337
1154.081 -72.77192 191.5426
1352.497 -39.42568 244.8063
1408.107 22.04258 63.05794
1310.172 -57.4174 84.55023
1121.961 -144.4772 135.6456
1547.75 17.32308 114.5485
842.5262 -119.7046 89.07628
928.582 -86.49599 109.4257
1421.297 -62.83001 121.3055
1404.665 -398.6645 243.8054
1342.592 -195.7887 152.4345
1324.927 -195.4709 135.5407
1071.215 -76.76224 123.35
1269.116 -149.9296 253.4012
901.7199 -63.80089 93.89178
1475.981 -428.2076 230.7578
1367.196 -57.36478 96.58674
1090.7 -136.4892 155.6064
1469.474 -30.36801 110.0675
1474.695 -95.63088 228.7619
758.7539 -154.4432 262.9622
1310.49 -110.9598 94.78886
1310.568 -7.283777 103.153
679.1723 -106.3964 150.1884
1731.583 -250.7029 141.2333
710.9114 -95.95071 175.7929
1054.387 -152.2429 145.7153
803.1433 -50.42182 95.59281
733.5719 -107.7037 118.1204
498.9049 -24.90222 103.6098
1514.538 -44.32263 97.12815
743.5409 -109.6134 231.9509
1687.829 -253.5054 140.6231
583.3452 -167.033 217.9488
1908.621 196.8923 191.3316
1504.487 -147.928 317.0735
1127.291 -186.964 171.2535
550.7858 -146.0438 207.5756
1942.915 -533.1679 331.4136
1409.456 -326.7074 157.6612
1293.707 -395.5257 264.9766
1614.793 -10.51389 220.3833
1913.902 -465.8739 250.6943
1376.994 -42.44492 112.4467
1640.072 -199.2556 185.3443
867.9685 -176.2456 131.4017
1660.524 -105.5713 94.23581
1541.459 -53.99899 78.28468
1147.821 92.02217 263.1333
2215.057 -119.5819 187.4941
764.9727 4.740076 119.8054
1215.779 -86.24638 94.08905
775.3813 -19.23915 140.069
647.6098 -155.6015 247.5784
681.3671 -18.52366 113.0314
1247.759 -102.9917 104.6143
1498.028 149.2133 83.76096
1208.651 18.44833 124.3699
1360.417 79.40811 151.802
2414.211 -111.9082 88.44556
617.6394 4.760332 238.8817
2191.839 -199.2603 241.3895
775.5193 94.31626 135.5009
931.5432 3.045712 106.0188
724.6477 -56.48091 108.2223
823.6945 -117.325 91.23216
619.1413 55.00302 195.5956
791.2378 -55.25974 126.0856
392.4297 -16.14876 103.1401
781.6701 -105.2291 82.86292
1069.042 -125.6612 118.2159
655.3272 -94.348 119.5758
876.1243 -172.2032 203.9347
1193.358 -79.55834 148.2119
1143.679 -180.0983 141.6992
1168.43 -63.58907 166.81
1572.631 -61.25683 104.5977
1186.384 -179.4329 180.655
940.0271 -21.17096 133.536
1502.58 -21.49227 58.76874
1005.554 60.06998 124.122
824.4403 -40.77045 116.3024
631.2226 -17.90409 142.4747
944.429 66.23546 157.0092
919.0383 -227.3755 235.9397
698.779 -45.7092 107.5574
847.8137 -144.5649 130.1432
691.2193 -20.38625 135.8408
1124.576 -191.3979 132.9471
848.1991 4.497704 138.9359
1003.653 -125.7008 144.7108
1468.616 -271.2972 282.9046
831.0696 29.0851 76.39192
1716.122 -214.3311 121.0823
1244.641 -20.48897 156.2953
826.4403 -172.9622 105.4854
724.756 13.71626 172.7156
1191.144 -14.29864 111.5764
1190.594 -63.50693 59.48842
1428.354 -33.38854 115.4748
969.6346 -19.4381 122.6993
1253.75 -5.98963 165.4488
578.672 -91.79697 113.9525
825.9191 -31.89082 130.8693
1140.39 35.39045 195.8487
1591.116 -140.8966 73.66551
872.7903 -33.51369 71.96865
660.0977 -83.06331 85.9618
1424.974 -110.8344 168.3273
1031.246 -162.2167 189.0454
1421.376 -164.2738 116.5723
915.3137 -114.7197 130.5753
1758.827 -254.8591 134.1034
706.4584 -36.33798 100.4798
1747.401 5.946481 81.41573
1165.177 -193.6994 171.7544
577.5198 -96.91332 138.9831
1716.689 -126.7097 124.4414
1348.382 111.7755 113.7806
1626.841 -196.54 169.7345
1099.612 -59.33141 65.83822
1579.298 17.23578 108.2288
887.6442 -56.73018 102.605
785.7099 38.09924 105.0363
1658.526 -86.09014 180.9757
779.874 8.847519 176.6436
1393.559 114.8117 119.5338
920.5898 44.94016 87.29816
2006.186 -126.1101 146.6809
1328.393 59.4284 151.3996
821.0133 -44.65135 124.442
1809.439 -138.492 151.9708
603.222 -14.96925 48.35073
2662.97 -312.4004 170.5229
758.3659 121.942 134.9066
1558.416 5.647756 143.0676
740.4868 -74.24967 253.6218
810.3716 -123.672 217.8879
740.2623 -112.057 253.5486
729.9039 -173.5 153.4932
1199.675 -90.76582 114.0555
987.9419 -112.3906 144.2729
860.7605 -83.13606 109.4692
1184.857 -48.33641 151.5835
1280.138 -177.5299 103.2725
818.9568 -67.8337 128.7542
808.7696 -206.5111 253.9937
758.4838 -183.9777 159.6386
1797.414 -52.62335 208.167
1452.389 -2.267429 75.23273
655.9895 -3.653523 193.4365
917.2856 -241.7652 262.8656
1204.527 -54.23562 99.89524
677.1778 -181.8568 224.1653
842.8418 -52.19793 47.91751
1269.099 -280.909 139.8695
893.2367 -92.74343 104.6077
726.6166 20.45416 92.99388
1043.336 -207.6699 249.7115
1239.131 -193.7742 120.1572
907.2784 -109.5273 79.61385
1302.702 -197.0624 121.7778
1330.448 -120.4503 117.8677
534.3481 -117.4462 153.9717
1469.386 -142.1383 92.24703
582.0049 15.70654 149.9667
951.4668 -28.0936 121.3946
702.3082 -36.32778 130.4383
1222.746 -222.1904 327.8927
1008.957 11.36388 211.9529
758.3035 -77.06284 182.6325
1017.891 -122.2753 109.261
941.6263 -154.4875 274.0973
940.0874 -157.2305 181.2168
1159.658 102.927 171.0224
758.2942 -49.82389 89.16012
713.2903 -41.0791 115.4334
744.9894 -6.091208 93.72029
533.3727 -13.20276 227.4187
1243.652 -72.3842 67.60073
1566.984 -446.9385 259.0483
1739.257 36.02429 101.6974
1348.81 154.9818 138.2141
860.6508 49.06448 138.1985
839.2378 -107.272 115.9064
1539.411 -127.6962 97.7609
871.943 -200.5418 187.7501
1425.836 -138.2508 98.46734
978.817 70.24775 107.6266
717.2183 -59.21067 188.8727
1766.126 -406.3386 209.9449
868.9973 -72.19668 105.8575
1550.986 -129.9502 116.629
1302.051 -161.8227 134.2528
1033.458 137.64 135.2929
2237.827 -548.5748 227.0263
1413.565 -140.0991 105.3609
1706.54 -84.84604 62.36117
1988.548 -179.5026 218.2967
1357.844 -358.876 257.0431
912.5429 -52.07032 74.55955
1705.789 -33.62843 95.81142
1868.529 -417.2631 212.6601
1323.258 -194.4997 152.6086
910.2853 -125.0539 142.5977
1163.158 -137.9063 79.74668
1047.811 79.36891 221.3223
1272.189 -29.39358 131.1953
1036.487 -12.9493 116.0549
657.4165 -129.7 122.6697
1196.022 -48.59962 206.4912
1380.538 -63.6101 113.6405
773.315 6.617543 137.2204
748.1679 -149.5932 130.0803
1010.843 -67.45944 154.0805
639.792 -62.72512 105.0302
537.6997 -51.38603 117.0934
738.6249 -91.21655 116.5596
636.3838 -25.37321 98.8392
822.9895 -36.17646 69.94213
1519.706 -140.8804 174.7498
1232.133 -133.4384 132.3187
2051.695 209.5026 197.403
1024.118 -174.3668 168.2269
1166.713 -58.98567 104.7172
575.2222 15.22996 66.95237
1444.28 -269.4753 166.3582
1354.818 -189.0922 122.6754
2304.568 -279.9554 121.7555
1957.048 27.02007 133.143
1065.87 -161.1004 143.2295
2561.57 -494.0195 415.2194
1092.505 -75.50961 132.8705
1944.307 -240.2542 165.0308
960.9776 -202.5189 174.8277
1803.538 -163.6991 63.52347
1041.92 -188.0734 130.4432
1164.825 70.562 86.78776
544.4594 -69.7416 148.4964
962.6414 -200.215 148.4082
485.6836 -64.62579 112.5554
506.4292 -33.14786 126.6132
2195.424 208.8555 162.6784
1411.788 -292.7436 252.0998
949.8021 -142.45 133.1927
1591.655 -192.4484 115.1145
1284.017 102.9222 129.1344
1883.537 -25.29107 240.8057
628.2275 -24.63513 106.5144
826.7664 60.32596 96.70174
872.7708 -112.5506 107.7612
802.2401 -156.5008 205.418
801.8317 61.81786 201.5773
1037.573 -198.7822 183.6071
1087.61 6.308418 69.38419
1545.079 -127.464 157.4867
1078.277 -152.4088 114.973
785.26 -218.7048 304.4472
671.2244 -139.6197 174.5353
1003.398 -50.20303 132.6873
1191.008 -32.88988 246.4182
570.9494 0.7619561 108.742
728.5798 -117.5757 203.422
1022.334 -180.9164 154.2174
1249.151 -242.6979 148.0149
762.0265 -160.8279 152.8319
1569.495 -158.3798 114.4398
1293.673 -211.0313 157.9717
1035.514 -71.0384 105.6119
2382.679 208.5145 166.2568
1025.588 -127.5505 96.06264
845.405 -67.91027 228.969
1957.621 -257.9078 147.034
1311.588 1.024022 90.87798
816.9813 -25.87419 416.1051
2065.348 7.369853 100.5196
1963.274 -385.8657 194.4003
719.1832 3.544467 66.23522
1402.944 -108.612 96.59041
937.9751 -14.34088 78.83099
1516.714 96.65259 130.3359
1506.562 -134.6642 146.3134
1029.204 -147.7225 181.5864
1435.768 -16.7305 174.8319
871.1315 -110.8955 162.8099
2333.019 -323.6002 171.0373
1218.421 -116.1355 97.87443
1276.216 -149.8858 107.8418
1134.22 -59.74552 219.0517
858.1678 72.25829 146.7621
843.2766 -100.9658 153.8687
3663.441 -731.2759 272.6101
1114.054 -207.5195 138.9006
623.2141 -42.65086 101.4141
1954.157 78.5567 137.3136
790.0317 -51.66711 93.35423
1347.566 -38.13597 91.11966
1686.055 -59.8909 159.9006
529.6982 28.34391 252.3964
1342.888 50.96552 141.0333
537.8777 -58.71849 115.9967
1421.128 -68.70291 138.0374
1060.958 -30.18638 122.9373
483.2242 -74.34163 140.8359
2105.82 -161.323 83.97286
1160.6 125.0446 106.6931
1418.46 -138.5519 94.21442
655.8381 -76.19038 86.08015
1665.441 -217.6274 136.7704
624.1956 -91.27304 76.01329
716.1403 36.75369 203.6486
865.3873 -7.613665 123.3031
654.5679 -55.18193 128.9504
797.4767 -121.7137 146.5826
775.042 -93.18578 181.5804
1901.475 23.43104 177.4818
1364.378 -43.11344 85.30344
939.2582 -13.03298 220.8268
811.7195 -97.8151 152.7185
1019.589 -204.0021 242.3013
1511.96 -456.7673 378.9043
1111.22 -116.2304 249.475
1476.59 -104.0496 221.7331
731.4918 -186.3503 194.589
1790.089 -206.9323 182.7582
1366.11 -288.6694 196.7734
1521.685 -317.4919 267.9222
1020.989 -201.9978 182.588
1736.435 -254.6136 247.3096
801.4163 -45.18379 279.5668
1286.79 -92.81453 115.9941
1164.347 -27.13653 175.39
1589.764 -67.40409 158.6547
1120.142 -92.84173 112.183
1596.885 -346.9524 206.1047
5048.327 -642.4326 240.5433
942.3834 50.80586 153.0288
2844.392 -119.6644 100.8625
1401.517 -194.9762 105.6164
2122.663 -151.5436 97.20011
3700.499 -40.45293 122.7083
1216.6 -192.1468 114.4472
1531.544 -102.0709 82.14524
670.9131 -25.45801 102.7598
1609.187 -75.82806 165.7704
734.6058 -92.49567 189.6735
549.2414 26.13069 108.4374
925.3448 -9.909353 97.49714
1848.669 129.4542 170.8312
730.8956 -34.24725 144.5645
501.8186 3.369701 99.27955
830.236 -110.9938 150.5189
1177.722 -81.6811 105.6707
536.3823 -19.13492 258.5255
1841.426 36.23728 94.26463
1675.236 -49.9688 75.06705
1711.841 -214.3993 169.066
1566.127 25.31842 108.5957
2035.567 -13.15001 98.48455
1070.671 -306.7551 224.1544
582.1467 41.08425 103.7633
1563.49 -40.75454 110.7635
951.4474 -7.392364 102.9174
1085.755 -281.5975 188.4889
1634.636 -190.0924 253.7058
1123.777 -348.0953 207.2865
576.0306 5.560548 203.0165
713.154 -105.891 219.4034
1366.117 -89.23469 67.26837
1106.441 -271.2306 192.5836
824.8843 -2.207739 86.12974
645.3919 -100.7632 167.1777
1433.374 -247.4229 118.9942
1501.435 -154.3856 108.0126
1155.359 -111.1612 115.6956
1087.854 -199.1835 139.3082
1086.718 51.69778 118.2174
781.7799 -84.41814 110.8042
1475.692 -207.4866 131.1162
804.3238 41.19175 112.7898
568.0545 -16.2197 95.35077
744.4074 49.06996 153.2922
1079.719 -100.7788 166.5426
554.9449 -48.3457 124.4282
1085.603 -12.46847 191.3709
1082.066 -180.0556 137.5607
1070.679 -174.7769 122.3744
1008.44 67.44404 165.4539
722.8538 21.18488 103.2618
1695.054 2.156787 115.3689
560.4829 -60.03467 119.707
688.5339 -66.18513 147.7269
899.7937 -62.41579 92.81046
1231.259 94.16016 105.0201
1485.253 -249.4045 190.9082
1771.757 -14.17602 106.4534
1374.469 11.10451 92.46027
1340.823 -183.2278 172.7522
1638.761 -123.4992 107.5442
1053.94 -18.78766 74.47902
708.2314 -11.37141 92.17395
1053.773 -14.35051 158.5125
1881.854 -5.676864 80.99915
1292.276 -275.0759 180.0508
1012.556 -215.4039 203.35
1318.667 -143.3477 79.43721
698.6727 -98.02126 119.2913
685.788 -94.86904 107.5889
675.5114 -91.44887 97.0617
955.2557 -84.19772 99.79748
806.1705 -11.61462 65.79978
1101.036 -114.0105 80.73285
901.7051 -52.03775 102.4873
1044.229 -334.273 240.5296
767.9615 -174.1528 271.3872
2326.734 -405.8733 377.0044
2308.342 -45.31236 191.8758
1938.654 -475.2642 255.3794
1285.279 -262.4092 132.0866
1185.535 -29.73583 119.9865
1029.787 7.104258 76.20409
1715.547 -171.849 207.9297
1135.314 -178.1747 119.7407
858.8007 -122.09 107.0003
1741.238 214.4369 172.6026
1219.118 -72.47893 279.5649
