0.3159262 -0.2933366 0.6487728
0.4440653 -0.08079692 0.6287002
0.8740215 -0.7376181 1.151288
0.3574233 0.03984185 0.3676705
0.1471813 0.1758898 0.9093194
1.288935 -0.4364645 0.9054879
0.5692258 -0.03963012 0.6955018
0.8753085 -0.3033509 0.4897039
0.2027213 -0.2178003 0.8129996
1.155557 0.5922707 1.012455
0.3194417 -0.213788 0.8072877
0.1772342 -0.06158017 1.491214
0.2345513 0.0767562 0.4119886
0.3959532 0.004077313 0.3012071
0.5221418 0.1254589 0.8287118
0.2858697 0.05067957 0.7481041
0.4297824 0.2491132 0.7783014
1.798595 0.9053338 0.933225
0.3458441 -0.1408976 0.5532564
0.3494547 -0.2453717 0.4340674
0.4918161 0.0353462 0.2826086
0.9906965 -1.426217 3.014439
0.3308079 -0.07829608 0.3686532
0.2164397 0.1151649 0.6547887
1.115111 -0.01193272 0.340444
0.3110444 -0.2376886 0.7380816
0.2142275 -0.1418927 1.140667
0.3561225 -0.02421358 0.8577325
0.3063003 0.03068188 0.4097102
0.3927646 -0.01799026 0.7319332
0.5806662 -0.3360876 0.6775797
0.3256581 -0.3487016 1.591149
0.2397915 -0.01770369 0.293299
0.4041381 -0.2407526 0.4751733
0.09559396 0.0003127998 0.3100149
0.2197041 -0.1969304 1.157768
0.2555409 0.1288905 0.3684969
0.4846064 0.09979923 0.5345921
0.2901994 -0.07332646 0.4358602
0.5198645 0.09642807 1.218652
0.5707476 -0.2161863 0.5205054
0.5138046 -0.3261474 0.375479
0.3711752 0.01799111 0.634761
0.4019133 -0.1129368 0.2929666
0.5246443 -0.02970822 0.3370431
0.1456431 -0.05484697 0.2641866
0.6336503 0.3581948 0.466115
1.390717 0.1148789 0.4117406
0.2727268 -0.1898599 0.6390968
0.3699151 0.1184143 0.2755531
0.2696924 -0.1956365 0.8282463
0.7027146 0.1441339 0.4422319
0.4392293 -0.525751 1.056981
0.2579791 -0.2151473 0.5070437
0.9410762 -0.5440052 0.8124811
0.3888691 -0.08364912 0.6093095
0.2098677 0.07012335 0.6438046
0.350083 -0.01766617 0.3990234
0.4810678 -0.05728783 0.379765
0.3810991 0.1656085 0.715558
0.1823797 0.139998 0.9176919
0.6732918 -0.5365517 1.132623
0.3371097 0.08180899 0.3365225
0.9353877 -0.4049532 0.6364393
0.6704638 -0.1183087 0.3157773
0.5338442 -0.2590294 0.5000886
0.3046796 0.1534176 0.3707805
0.2178255 0.1470878 0.8591147
0.1429717 -0.2085019 1.271023
0.2101926 -0.3224074 1.251509
0.479995 -0.055657 1.042245
0.3965522 0.01284921 0.5569842
0.4270884 0.05229756 0.3870264
0.2636678 0.2542769 1.689775
0.5921841 -0.09515877 0.7443871
0.1473323 0.142929 0.6654039
0.1935057 0.04975649 0.2802998
0.2390045 -0.07520708 0.5392267
0.2039358 -0.1665913 0.4933893
0.4252184 0.05484917 0.4465776
0.2662355 -0.01447313 0.9479665
0.3338221 0.0610678 0.5593805
0.6368096 -0.1847684 0.2889469
0.2123502 -0.2930991 1.525032
0.5985382 -0.3245703 0.707715
0.3350983 -0.2218721 0.4126146
0.2914847 -0.08820603 0.4236864
0.2719882 0.06658903 0.2801261
0.1833319 -0.1510204 0.6473385
0.4384184 -0.2202337 0.6794028
0.321604 -0.2094521 0.5479525
0.9524609 -0.5333243 0.6815364
0.2821156 -0.04939917 0.7515184
0.290174 0.07950578 0.2735932
0.2325247 -0.1958573 0.8527002
0.572055 0.5264179 1.132971
0.8259757 0.09200309 0.3529391
0.7606071 -0.02680194 0.4487867
0.2856851 0.1116541 0.3954057
0.1889309 0.08082071 0.5079719
0.7107055 -0.03480615 0.4895274
0.2210479 0.1662019 1.142057
0.2686013 -0.09452446 0.297567
0.1546765 -0.06119276 0.6032068
0.2278288 0.05618501 0.7598347
0.2732177 -0.2511302 0.755916
0.8473365 -0.3770003 0.9202068
0.5888928 -0.1499809 0.7008803
0.2915284 -0.2244311 0.5130113
0.2887267 -0.1349711 0.705359
0.2675001 -0.1250987 0.3022434
0.6520814 0.2113898 0.3473808
0.2331107 0.07788205 0.4418267
0.4707101 0.116652 0.5161199
1.459918 -0.6462833 0.6782874
0.2818536 -0.2935704 0.8975907
0.3928468 -0.1215928 0.3476846
0.3352941 -0.0333511 0.3619888
0.3130549 -0.05848412 0.4117124
0.4183605 -0.1539225 0.6433864
0.2866275 0.1500939 0.9118591
0.3928949 0.1429317 0.7964786
0.4320219 -0.1014999 0.4780135
0.278846 -0.227318 0.7220378
0.4992886 -0.4439417 0.6156314
0.591285 -0.2741525 0.7601309
0.3493657 0.1900897 0.4009206
0.6019346 -0.1744497 0.5879856
0.2347338 -0.1394205 0.3588456
0.269543 0.04752159 1.113749
0.3693878 -0.1489454 0.500656
0.2384239 -0.04540523 0.3108029
0.7783494 -0.9199461 1.871243
0.2889351 0.02672179 0.7649099
0.2556509 -0.4288289 1.922632
0.6659254 -0.4558341 0.6306866
0.2836617 -0.2495511 0.6472461
0.4097226 0.2421679 1.42224
1.187156 -0.8107651 1.371681
0.558839 -0.1507907 0.7364692
0.9243954 -0.2485805 0.2865553
0.2366509 -0.131267 0.430218
0.5316702 -0.04046883 0.6964184
0.1776312 0.04668346 0.6981769
0.2824941 -0.08683245 0.6198257
0.3176295 0.3134365 0.6731997
0.1189486 -0.1728659 0.8877665
0.2358488 -0.1239454 0.5249675
0.9461119 -0.3060258 0.7220274
0.4079928 0.03769882 0.5691858
0.4368027 -0.2296587 0.5846356
0.1741238 -0.1359209 0.6060132
0.1385024 0.02228049 0.4722883
0.1901568 -0.06090123 0.4527248
0.5922677 0.2600524 0.4465878
0.2741877 0.05858703 0.2260527
0.1814914 -0.0446779 0.3312102
0.3885145 -0.05747886 0.5649648
1.480085 -0.7507184 2.104564
0.3410733 -0.4119516 1.26826
0.2360784 -0.1733067 0.8554696
0.9915299 0.9504605 1.923623
0.3511749 -0.2611186 0.5101768
0.2874479 -0.1439059 0.6924338
1.414125 1.42972 2.642949
0.4476934 -0.4485374 1.544296
0.2025725 -0.08491913 0.3236593
0.2829911 0.05321251 0.5216937
0.3261542 -0.02967604 1.504364
0.6067649 -0.7156262 1.498819
0.4979887 -0.3196659 0.5492448
0.2711731 0.1900677 1.01289
0.3494094 0.1130958 0.5124157
0.3448789 -0.0002000927 0.3373237
0.4673447 0.1744559 0.312037
0.2641323 -0.2509141 0.7646761
0.1277175 -0.1112909 0.5952793
0.2548533 -0.1943817 0.867386
0.3719475 -0.04108353 1.331136
0.8205869 -0.2941403 0.6608446
0.2890404 -0.05690322 0.3710428
0.1811574 0.04012927 1.014804
0.5719401 -0.2234611 0.3807287
0.4811741 -0.08166179 0.4757743
0.2695008 0.09381095 0.298345
0.2310102 0.09087576 0.7172301
0.35014 -0.2000388 0.3830884
0.1347291 0.112927 0.5495199
1.574033 0.2288075 0.7505541
0.2314211 -0.1324222 0.5913004
0.3812758 0.1737583 1.320604
0.4754754 0.07069565 0.3587729
0.2309923 -0.09982272 0.4515745
1.415241 -0.6057364 0.9098458
0.3869652 0.0670619 0.2485986
0.1462534 -0.1845745 1.173008
0.939717 -0.5624036 0.9183587
0.3352579 -0.08094289 0.2313718
0.4885159 -0.3628925 0.8559388
0.3276635 0.03213604 0.452926
0.1978988 -0.2539499 1.4777
0.8901181 0.04211064 0.4922846
0.4119965 -0.1001616 0.6766888
0.4985826 -0.4192285 0.6711916
0.464721 -0.007194014 0.3099188
0.3224241 -0.2376342 0.6459238
0.2571633 -0.1144048 0.3305138
0.4282381 -0.2339791 0.7350904
0.6090065 -0.4104939 0.97645
0.9729361 -0.07846715 0.7993175
0.1746152 0.002400945 1.195857
0.1671506 -0.04341834 1.356536
0.250847 -0.1842639 0.7889315
0.382121 -0.2348342 0.638156
0.250299 0.03989797 1.284096
0.1791668 -0.0733248 0.807332
0.6599158 -0.3732117 1.462456
0.1845814 -0.03446764 0.1897612
0.7041511 -0.1270004 0.6013663
0.1046871 0.008482797 0.2224157
0.5569928 -0.09511341 0.5733544
0.5499395 -0.02506396 0.3436155
0.1949608 0.09857548 0.2437623
0.1618008 -0.08653139 0.5146614
0.8868247 0.03945956 0.4115808
0.2388788 -0.2480318 0.8970054
0.5150755 -0.341621 0.9570041
0.2342651 -0.1930539 0.6287589
0.5253902 -0.5070573 2.051236
0.3772396 -0.1063092 0.6634592
0.2476962 0.07431568 0.2801514
0.2530835 -0.3191585 0.7801837
0.1089243 0.0286618 0.2130661
0.7052002 -0.3870082 1.099975
0.4217819 -0.4916454 1.81243
0.4969589 -0.1135789 0.8522033
0.3107979 -0.1551502 1.261387
0.4779506 -0.03673609 0.5156059
0.2767235 -0.0470537 0.3134673
0.1543437 0.0360202 0.4468593
0.3229857 -0.3332621 1.200098
0.730515 -0.2249766 0.3581717
0.5580611 -0.06198944 0.7688135
0.324216 -0.2240693 0.7127041
0.235545 0.02257286 0.3471551
0.4262709 0.08978418 0.3144269
0.4736165 -0.2796775 0.6005058
0.8799533 0.2818125 0.7057865
0.2841885 -0.3084051 1.133558
0.2666372 0.02027976 0.9825135
0.3982918 -0.05542018 0.7595122
0.1267303 -0.1351623 0.7565458
0.1303762 0.04202254 0.5020401
0.2157103 -0.09635495 0.5920284
0.2638216 -0.1199741 0.6239985
0.2918655 -0.009892964 0.5805299
0.3182264 -0.177708 0.4673131
0.4991775 -0.2085732 0.6572466
0.1699703 -0.1371814 0.5717274
0.1952806 -0.02643869 0.3436259
0.1778313 0.0006037895 0.6352657
0.8749576 -0.309693 0.4841506
0.5244812 -0.00742987 0.3819934
0.7631698 0.5652284 1.072924
0.3592374 -0.05161787 0.7676792
0.2944463 -0.09338222 0.3548611
0.495592 -0.1934805 0.5475002
0.2657526 -0.08491364 0.5376412
0.5088219 -0.5008883 1.11552
0.3278443 -0.09295264 0.5219953
0.2473089 -0.03882143 0.4321437
0.2236156 -0.04542557 0.3393761
0.1385406 -0.1192036 0.6802748
0.3747333 -0.1019722 0.3913637
0.2327716 -0.05425064 0.5867261
0.6697957 0.2529762 0.7142416
0.1317004 0.02974882 0.5079503
0.1803643 0.03567 0.6282399
1.175944 -0.7831971 0.9806074
0.4626666 -0.04779665 0.9158616
1.158506 -0.1376598 1.476283
0.2972115 -0.1131525 1.444104
0.4950387 0.04208828 0.6735466
0.6263534 0.1777175 0.5029814
0.2633854 -0.06951326 0.5843372
0.1847896 -0.06784476 0.3959134
0.3448531 0.09489446 0.3418288
0.2395864 -0.3492429 1.40084
0.6956846 0.01397501 1.27272
0.2883006 -0.1140815 0.9253412
0.5709929 -0.1704625 0.5988135
0.2883599 -0.08066686 0.2252831
0.7693177 0.2316816 0.8112875
0.6152706 0.1895367 0.4246652
0.1693862 -0.1099829 1.069011
0.9855511 0.2822948 0.4564153
0.7127707 -0.03335674 0.8726182
1.084604 -0.2481134 0.47733
0.2211685 -0.09048299 0.6355211
0.4279119 0.03333816 0.3321875
0.2830999 0.1164704 0.3720616
0.3368594 -0.0573818 0.4393988
0.4419649 -0.1095082 0.4086655
0.3536181 -0.04809483 0.2374245
0.3160649 -0.3066742 0.748433
0.397188 -0.4613083 0.9599752
0.2226332 0.07156969 0.2688741
0.2624002 0.02363429 0.3576273
0.366924 -0.01345531 0.7980766
0.4892969 -0.1770424 0.5035631
0.2318864 -0.02550542 0.4457699
0.325635 0.01348529 0.5342316
0.4333702 0.1284252 0.4207908
0.5348159 -0.03192807 0.868825
0.5173519 -0.2046018 0.4873979
0.7582844 -1.111073 2.808446
0.3527152 -0.06255347 0.4721
0.7791531 -0.01641463 1.644196
0.2049474 -0.1403358 0.5181766
0.2409027 -0.1710397 0.5009093
0.3675599 0.1015623 0.4704749
0.1706139 0.04080055 1.413464
0.1695827 -0.1495539 1.217043
0.2547138 0.2527421 1.534381
0.4031263 0.06674648 0.5587344
0.2450058 -0.1928521 0.4504498
0.3939726 -0.04998509 0.4167998
0.1768089 -0.03214423 1.372198
0.1951921 -0.02582383 0.9013901
0.3708746 0.2315146 0.8807482
0.2579197 -0.1879883 0.6789189
0.1714812 -0.07849661 0.4703188
0.7177709 -0.830995 1.570303
0.372077 -0.2475205 0.9223679
0.8868118 -0.01861555 0.5197584
0.4559819 -0.1558267 0.902837
0.2890881 -0.08552576 0.3539885
0.8437734 -0.4320318 0.5260251
0.3706126 -0.1033025 0.3803477
0.3036718 -0.1434039 0.8010326
0.3047213 -0.1489082 1.151383
0.2673015 -0.007187459 0.2699211
0.5419755 -0.2694 0.6112941
0.4698845 0.01814319 0.1720021
0.7181282 0.2544564 0.4996189
0.4568088 -0.2761163 0.4530822
0.1843095 0.02756248 0.4588192
0.2552131 -0.1902442 0.4827715
0.2037981 -0.05197247 0.578374
0.3996264 0.09328536 0.3634149
0.5274956 -0.1431298 0.6282139
0.6995795 -0.3198176 0.663957
0.228806 -0.2156882 0.4593033
0.380595 -0.01009168 0.3682878
0.3149355 0.01879938 1.487913
0.3160615 -0.1978446 0.6542096
0.3214376 0.08264371 0.2256917
1.429388 -0.157195 0.4383026
0.3903732 0.2060278 0.5939006
0.1901416 -0.06545833 0.7409295
0.4944603 -0.06947522 1.523937
0.5740486 -0.2242703 0.4427647
0.2673058 0.1759154 1.516379
0.2377566 0.1204183 0.6115392
0.371105 -0.2279778 0.6414444
0.5425592 -0.1929583 0.4155594
0.3565622 -0.0373117 0.1966153
0.1645069 -0.1082119 0.4830028
0.1489724 -0.01120255 0.9195919
0.6530503 -0.02014787 0.2622604
0.2090984 -0.04472136 1.036089
0.4565134 0.01788069 0.8392145
0.3556147 -0.146909 0.660002
0.2349063 -0.09511978 0.5348401
0.1091243 -0.0676984 0.6714957
0.7594622 -0.6030106 0.9213469
0.3954161 0.1003659 0.4688847
0.5275009 -0.3997937 0.6803677
0.6116644 0.7952338 1.922471
0.4072099 -0.2026522 0.6929197
0.2339886 -0.1077763 0.5142091
0.3424061 -0.2306492 0.8537661
0.1756822 -0.08120128 0.4408927
0.5616095 0.1940356 0.7105844
0.3702778 -0.2121151 0.4964985
0.4574583 0.04719084 0.2661158
0.649236 0.3456604 0.9963569
0.489285 0.0209073 0.557099
0.2030723 -0.1358635 1.02024
0.4051309 0.04130244 0.6069911
0.2605717 -0.08388165 0.4310952
0.2960838 -0.262656 0.5532421
0.219583 0.0860465 0.3739536
0.4630029 -0.001257559 0.6101175
0.3695998 -0.1286024 0.6206996
0.3140464 -0.05934414 0.9788636
0.3994255 -0.03968949 1.320339
0.4697482 0.002997169 0.6924959
0.3049517 -0.01430447 0.1985992
0.7733892 0.02811306 0.2843984
0.1431621 -0.1585065 0.5006667
0.1634038 -0.04116303 1.590732
0.1882303 -0.3082556 0.9780553
0.6767944 -0.2467628 0.3680469
0.3457628 -0.08344294 0.1457876
0.3713197 -0.2581849 0.6486189
0.1567168 -0.01465916 0.5903775
0.2925704 -0.2787303 0.726606
0.4670434 -0.4458169 1.092754
0.3505715 -0.3262859 1.021388
0.4666612 -0.2704922 0.5441191
0.3008671 -0.04669605 0.6613666
0.3499552 -0.06184196 0.3952556
0.2987034 -0.1558711 1.511163
0.7657696 -0.2694078 0.6868995
0.5299722 0.2129078 1.137943
0.6687026 -0.3093433 0.4514497
1.163303 0.04128019 0.7970592
0.5820399 -0.05106846 0.2633744
0.2034206 0.02034257 0.367028
0.5774149 -0.3466073 0.6802946
0.3497563 0.04992022 0.5462522
0.2377796 -0.1038705 0.5414904
0.1864077 -0.3008878 1.015464
0.2089714 0.04420434 0.3396084
0.321095 -0.07666703 0.8690679
0.4245179 -0.3084644 1.352946
0.1431333 -0.09874495 1.071566
0.7694917 -0.4493527 1.017217
0.3144627 -0.04632268 0.4137992
0.1752701 -0.07982931 0.4366142
0.4082399 0.4758615 1.136423
0.3535365 -0.3519856 1.038566
0.268759 -0.1619909 0.8505106
0.320541 -0.07997931 0.2693483
0.612469 -0.07965904 0.3512657
0.372272 0.008016431 0.772363
0.609569 0.08927489 0.2720661
0.3990903 0.1362776 0.8077111
0.8375511 -0.04050022 0.4318347
0.1159675 -0.242545 1.585939
0.6097546 -0.3339756 0.4923115
0.2549173 -0.05525513 0.3404642
0.1908918 -0.209766 0.7915388
0.2905513 0.1597435 0.722697
0.2629273 0.05820678 0.5710715
0.3676154 0.01049938 0.4717452
0.729183 -0.3526238 0.5696899
0.5291277 -0.01909629 1.008312
0.2976144 -0.02006319 0.9242142
0.6348699 -0.3033854 0.7580592
0.3919879 -0.07297582 0.728624
0.3741736 0.08567261 0.8547205
0.1722289 -0.02135658 0.1786056
0.2833816 0.1372504 1.313652
0.2192657 0.1763385 0.8444164
0.2469915 -0.04729293 0.45559
0.86408 0.3110006 0.5057574
0.5446676 0.07363047 0.4443164
0.2686074 -0.07172577 0.5856135
0.1549992 -0.1363697 0.8509454
0.3433586 -0.2083271 0.4432945
0.3140655 -0.03480527 0.6038159
0.1444951 -0.01584504 0.4712367
0.2054375 -0.05841427 1.127524
0.3764669 -0.380471 1.196623
0.2395622 0.01312101 0.9612057
0.2327983 -0.2714418 0.9271489
0.4705793 -0.1759488 0.4521698
0.9728146 0.3131057 0.3963229
0.4891572 -0.3266108 2.226327
0.2991141 0.04476044 0.5111189
0.5811632 0.09646902 0.8376742
0.4212541 -0.212893 0.6192272
0.3452951 -0.01703636 0.3933359
0.3576448 -0.1089679 0.7434258
0.3022359 -0.07343895 0.4482797
0.2854603 -0.06525315 0.9444291
0.3228509 -0.05714735 0.4760603
0.2867902 -0.02659987 0.4111709
0.2698633 -0.3100813 0.6138416
0.2143405 -0.1394697 1.811737
0.3799622 0.003438933 0.9732656
0.4941235 -0.0192999 0.2857966
0.3455271 -0.1335748 0.6830158
0.4354443 -0.04668886 0.4036835
0.1431212 -0.02294408 0.246767
0.3949532 -0.00591791 1.346684
0.7599772 0.5664103 0.9248147
0.4510806 -0.4530896 1.205488
0.2651176 -0.1603741 0.6494485
0.4056458 -0.1436884 0.5615191
0.2543403 -0.2034246 0.8655557
0.276293 0.0454786 0.4241334
0.6196842 -0.6882046 1.355869
0.2370236 -0.1370003 1.692527
0.2865285 0.02556575 0.4038666
0.5500899 -0.04950924 1.320859
0.3640118 -0.316867 0.9278701
0.3911547 -0.3131404 0.5014001
