327.5467 -22.34802 53.69936
455.7362 -20.18303 36.92254
693.3373 -12.99242 37.48628
590.5093 14.11871 46.91247
735.4058 -34.07037 53.60436
251.3035 -2.122568 28.07306
432.3071 -38.07944 47.14424
469.6098 -14.60672 32.86269
559.0922 -21.17928 30.27442
464.8826 -16.0225 44.12955
260.7676 16.3819 39.80159
460.6271 35.76806 57.99093
510.1747 1.792092 31.03206
455.2992 -13.72481 34.68252
656.4255 -38.06258 32.45955
467.9418 5.156798 40.15944
346.0454 -29.83699 34.32552
379.2141 24.89624 31.82039
487.1417 -100.8616 64.78136
637.542 -37.66247 55.45235
337.4978 -49.87858 52.02291
533.3775 23.73929 39.43603
394.7277 -36.60521 52.42099
446.3355 -61.8553 51.63388
448.1919 -63.13142 46.30991
591.1901 -2.166922 58.69718
741.1311 -63.66106 45.35103
313.9338 15.20813 36.0023
377.8798 -9.372937 26.06636
455.4414 17.1472 45.88838
540.0759 2.479135 24.01483
671.4017 17.67813 37.18355
416.1889 -10.32128 32.65071
610.9921 -10.34099 39.0213
379.8861 16.46944 35.47716
463.2321 -12.50355 41.77568
578.0481 -29.57991 36.46174
463.9593 -38.68788 33.27751
647.0597 -30.7771 23.71643
629.6705 -47.77498 45.73879
503.7388 -27.2136 46.47095
437.3404 14.29957 47.30243
344.0625 -20.73367 45.21497
534.4833 59.4777 67.68601
368.0365 -13.9822 31.51003
269.4876 -9.538108 39.75364
407.974 -19.38371 34.50246
536.3805 -7.914855 44.28318
502.0977 -27.6531 44.9629
473.9271 -17.68594 48.68127
384.2931 -41.54563 40.59238
369.098 -16.06825 34.8117
331.4666 -2.998242 29.49321
462.1917 -49.61308 34.89426
464.1481 -35.8592 33.76401
396.9412 -20.94161 35.10115
530.2523 -46.41506 40.65422
434.9022 -32.90089 45.59598
462.1761 -5.615495 38.23273
507.8363 -37.06392 40.64399
344.1414 19.54523 42.89165
492.8919 -32.39344 36.10593
334.2266 19.44045 39.92263
397.0481 -5.922557 49.35292
319.4382 -6.976342 28.64562
311.3955 9.382504 47.39767
464.0676 12.56256 48.21771
498.0452 -26.37108 52.07228
491.3863 -30.468 42.77551
377.9118 3.779018 18.83736
549.8876 37.28399 46.63539
466.8662 19.04337 55.62713
550.7212 -29.66997 51.28264
360.3747 -22.84471 29.00281
593.3843 -83.67882 49.65219
486.9696 2.0484 36.71805
486.2094 -45.62775 57.76244
573.6325 6.948726 42.59934
467.1241 -43.08865 84.24978
610.8403 -64.09924 59.08355
666.3288 -1.98215 42.47762
634.1514 22.89169 50.61725
402.3398 -4.273215 44.98323
426.0318 -9.871671 25.1412
418.6253 -51.6787 50.33258
685.9499 -65.60173 42.46861
400.2845 41.64262 64.07423
502.6131 -32.49906 31.15276
359.3157 -2.338739 55.49479
444.0434 -32.52161 33.01161
297.5541 -10.54531 31.44968
466.5837 -22.73447 60.5657
648.944 -50.31399 50.67231
407.0737 -40.95957 41.49239
386.9548 -6.582329 40.12857
433.8262 15.67241 41.14915
347.0436 -10.05184 46.08978
440.7286 -22.97138 46.47906
434.3819 -27.66259 40.45267
457.5938 -37.75619 44.71286
517.8439 -61.12796 43.37583
401.2944 -39.20275 47.57634
540.2012 -6.277577 36.0203
338.1605 -34.57594 47.57884
324.1184 -4.683725 35.26743
473.064 19.43594 34.92369
470.3028 -8.971092 34.53718
634.5904 -77.431 37.65966
390.6309 -19.76162 45.71029
336.6749 -14.9001 36.99239
490.0364 49.50503 34.24612
302.2437 -27.68317 32.30241
500.8276 -23.96129 43.82921
866.6385 -23.61127 49.45643
833.6367 29.20376 67.86288
670.8186 52.58328 36.19877
555.2909 -50.01776 39.84789
638.0354 -81.4612 35.49628
548.818 -25.25653 45.15282
569.2972 17.92747 38.06825
764.3629 15.6416 39.69867
412.7509 -25.63235 27.3125
500.2558 -39.58327 55.19101
287.4786 4.138033 48.2273
486.8339 -6.582427 70.54103
425.524 -20.17412 48.17911
693.635 -31.63552 26.57043
441.1688 9.672144 34.12192
578.6304 -38.97349 37.06918
627.276 -15.86772 29.76054
381.9148 4.226718 50.13346
492.6186 -36.97603 54.13579
384.805 -5.327477 44.14693
722.0496 12.11748 44.65518
448.1443 -72.72542 65.47228
335.3406 19.58269 47.06697
529.3029 -26.55062 39.18598
513.0716 -0.3837873 40.66384
469.9092 -39.3684 41.21453
381.9727 -25.22463 43.96647
531.8669 -22.51581 28.4179
460.9341 -0.9007127 40.26417
412.0064 -12.27445 39.86535
359.6419 -8.2553 73.11155
421.7823 -37.77937 45.19233
546.3983 -63.85327 48.19537
339.8187 -11.05311 49.45078
457.1671 -3.573208 33.65546
418.5457 -2.66314 38.87735
464.7675 -21.14241 47.30922
587.8871 -63.92492 46.35973
474.0761 5.694047 25.03324
364.0966 -16.77368 54.51752
527.2742 -39.90707 39.67653
626.6583 -11.57514 59.04181
530.3307 -38.44795 39.29112
649.2673 14.99159 50.47517
728.4036 35.17628 65.87455
504.9257 -44.09428 42.02415
509.358 -50.26889 31.15584
608.824 -20.52079 35.27414
716.6862 -19.36338 31.16043
406.1569 -19.06336 45.17346
433.6536 -60.70669 76.83211
601.4393 -33.16265 35.71259
453.6748 -23.63548 59.87014
432.2512 -19.02764 29.12285
460.9271 -28.0411 44.01255
596.6636 13.8522 42.82227
348.2937 7.324565 33.82716
489.6918 -58.27801 46.57266
440.2651 25.5847 38.51923
497.5502 8.011396 37.53145
377.339 -24.17188 31.73814
442.5066 -26.77281 63.31271
382.5552 -26.93297 57.95473
445.6013 -1.275607 27.02807
573.1666 3.005531 45.68514
501.2324 -39.90299 52.02417
428.2871 -69.52187 56.95409
500.2597 -31.46876 33.60262
675.1215 2.529487 35.54012
538.7585 30.54808 49.89268
453.9368 -23.38863 26.06369
724.0024 -35.14828 39.56094
349.0377 -2.013066 37.65005
423.3731 -0.261182 24.91265
462.7361 2.552166 32.17433
715.5119 -30.98253 51.87009
400.2294 22.18691 43.22905
381.4665 -28.53748 50.36643
553.8543 -43.11959 55.45846
588.5363 -81.67632 76.77778
605.3545 25.57427 50.66647
454.716 -17.40259 39.29146
409.4379 59.85246 49.49633
389.8637 -37.28716 36.57708
527.6511 -12.9073 65.55573
418.8947 -31.3594 35.7593
563.6735 -33.39333 49.36182
375.8684 -40.94574 56.28744
485.9005 11.99499 40.58615
442.9849 -42.1763 41.68654
459.6144 -43.67732 35.44029
365.3014 -36.48231 41.38785
459.863 -51.01461 41.60243
441.4441 -58.75715 38.00568
479.9092 -47.49851 29.37357
636.6663 3.940791 37.74383
317.6132 -5.767655 51.23365
409.7875 -13.34496 28.92705
475.5446 6.339188 40.08822
302.5431 -25.385 38.91918
361.2572 -30.76767 39.0494
577.0711 -50.37898 40.28925
348.0601 -37.61806 42.79799
304.449 -3.03069 37.93589
286.8933 -1.836783 40.82655
459.6124 2.804466 45.10918
470.772 -34.7338 48.28331
372.881 -45.58398 59.26808
467.5911 -19.37181 56.99889
497.8797 -21.04192 62.08928
454.7401 19.82937 45.79138
725.244 -27.71335 36.53279
481.5389 -12.47796 36.99446
521.3974 -22.25466 44.83127
365.5304 -18.07723 35.61189
476.2913 -16.31717 39.74731
684.5829 -14.00267 33.09034
418.3569 -45.92715 75.63548
612.9595 -9.841171 32.14698
377.4225 -19.70663 38.25691
559.0321 -25.74994 44.91614
383.7033 54.28032 66.12724
377.1957 -20.18547 35.94141
489.2625 -41.09447 44.99529
345.3622 13.39332 57.13393
468.7121 -36.48376 43.76152
584.1196 -13.81185 44.51738
492.3172 -30.86246 32.62136
406.8057 -46.25145 39.82499
554.9614 -43.32467 39.89975
512.7814 -25.97668 27.5899
355.7082 -6.904817 44.47026
442.8295 -33.86206 44.64858
437.867 -19.25921 42.88985
621.0067 -20.02078 50.40049
530.0873 -33.92335 41.59695
553.7902 -12.51763 40.81321
320.3608 -30.54749 60.38805
826.0722 -21.82523 60.52201
507.1425 -23.93175 29.39619
507.5327 14.09454 38.14575
556.2703 -10.96728 40.01419
369.7892 -9.401436 62.9302
310.8647 -35.16397 39.24067
477.7521 -38.69715 50.54447
421.5935 2.220011 43.0923
563.8572 -5.556534 39.8838
422.7159 25.54582 56.52744
676.9657 -19.63054 46.27593
509.9232 -26.96815 27.7371
414.2638 -29.37288 50.74945
503.2262 -2.904914 40.80941
530.1447 -13.78039 39.46801
417.8921 -51.11742 42.87413
440.0676 -58.32606 65.02822
346.9352 3.715235 36.55025
472.5423 -15.17674 35.18684
616.9598 1.679813 18.8244
409.3856 -33.9106 36.72521
316.7005 -12.34912 41.9605
460.0293 -11.63744 49.81509
565.4483 29.46532 35.61117
434.7166 -20.65592 26.35616
634.2526 -8.628212 58.35162
498.82 -37.03926 36.95589
374.7443 -0.2546555 38.03178
371.524 -3.640163 58.78193
642.8402 -70.88941 61.92722
426.252 -50.70127 43.75976
327.8747 -39.85986 44.40705
452.8516 -17.24919 44.69253
498.3353 -13.00199 44.84919
499.0952 19.7159 44.93434
487.3087 -43.70164 57.95875
355.6834 -44.47103 39.79632
867.299 51.81378 53.16883
415.7186 -8.041182 46.55015
586.5934 -10.79741 34.41302
795.9862 -76.49573 55.1723
461.9283 7.104668 41.4769
518.8367 -51.54729 48.17686
512.5277 -36.2263 57.76083
600.7889 -9.447786 38.25175
453.5403 27.18075 35.51277
515.7613 15.04932 58.20401
387.4279 -21.23539 57.10473
426.8249 -35.74146 44.82268
443.6666 -18.09262 48.73421
462.948 -16.11312 34.90339
335.9936 -36.23649 35.01006
433.5006 -26.85075 44.44115
379.5142 -48.11573 42.02477
787.8659 -33.8268 40.92678
478.8882 -41.68322 53.38445
588.7543 51.77598 42.56885
370.6467 -1.36817 44.19453
697.5455 -76.73271 66.8055
574.8316 -49.99146 63.31148
479.8217 8.444538 29.93797
820.7157 -62.18729 33.5516
580.5477 14.67655 30.26977
884.3226 -55.7774 56.52597
495.4816 -11.0054 52.44258
541.3744 29.00071 40.49142
592.5314 -36.70429 32.43037
430.8234 -56.46814 49.1738
324.8657 -20.87528 51.9359
518.5935 -40.81312 34.25084
337.1753 -6.298717 34.59718
356.7588 -37.51207 43.3486
434.6348 10.27252 46.10851
425.6399 -17.36683 36.12653
516.0308 -58.18457 47.08172
484.2479 -59.26951 51.11109
438.6784 7.2201 44.64281
527.499 17.8577 45.29811
369.7946 -21.56073 32.88767
470.96 6.701713 27.57544
525.2741 16.35977 32.64084
310.3256 -33.63689 55.73148
808.3744 -63.06623 41.25734
372.4683 4.484831 73.33652
332.0662 -2.027134 51.38316
475.7003 -40.75375 41.00438
518.1654 -23.64183 37.31352
336.9203 -21.04374 62.96013
522.5594 -2.143245 27.03799
648.5857 3.007266 35.75338
575.4802 -34.35336 46.62666
526.1261 -38.98988 31.42605
585.3072 -51.44014 58.46524
331.3773 -22.65008 41.77683
709.2351 -6.710005 45.05621
529.4143 -2.288412 52.50736
539.6341 -10.72851 33.64574
427.1269 6.440438 48.40403
588.3157 -64.51042 54.93903
577.1449 15.09188 38.5011
527.3356 -15.18236 51.65339
433.5784 -27.11703 38.8814
430.6791 -12.6614 38.9007
364.4158 -18.93718 63.66133
601.6437 -3.786564 45.3281
469.62 -22.21928 40.91482
520.5246 34.67222 60.62147
330.7457 4.679507 59.07866
619.4962 -1.613542 37.29603
536.5631 4.659919 29.82307
451.7187 -20.03078 40.26191
543.7319 -36.26254 39.87654
323.4476 19.99418 41.68586
470.9375 -17.51496 36.21097
543.1986 2.736902 22.31606
445.6743 -43.71284 48.21961
486.8373 -27.53731 66.06284
506.1774 -3.139744 43.40809
575.4787 -8.275467 67.09602
379.8125 17.63853 39.5599
399.7082 -55.50004 45.77005
428.4672 -28.54832 39.38018
417.6726 -6.717511 49.11011
418.5558 20.07604 40.91237
488.2134 -30.40206 35.29443
594.827 -28.42803 41.05258
367.2116 17.73345 37.60281
713.7435 -82.00849 40.13376
538.4876 -15.73039 38.19125
524.7541 33.57612 40.68045
504.8632 -38.64919 46.36272
440.9038 -44.4726 35.53253
536.6858 -59.30378 52.24823
688.2098 -37.02121 31.60954
736.2719 -77.29172 62.681
443.1652 -12.36961 34.72124
484.3591 -9.931159 43.54697
447.8421 -4.329988 30.269
337.953 -55.16602 40.35237
437.1327 -48.01609 48.02021
586.1239 31.43595 37.10296
494.2567 -6.169292 33.15711
464.4655 8.446411 49.13025
541.6487 -51.24654 69.66122
496.6319 -19.8413 33.09473
457.5182 -46.75281 66.91151
715.5226 -72.77248 61.65815
641.8282 -8.56868 27.79204
519.8079 -38.91753 49.12918
380.6823 -17.44178 45.30223
462.0071 -58.0476 46.50689
435.3831 -29.03234 65.81105
514.5293 6.820709 38.16204
658.8167 -26.61371 29.85306
290.7347 -13.97999 35.30813
642.6373 -35.69309 39.7011
428.8699 -45.57157 39.48208
540.1427 -45.75548 50.93637
719.202 41.42374 48.6054
453.0466 4.8495 37.93565
433.9508 -32.78174 50.98523
377.6963 -7.328614 43.13065
503.9455 -21.69878 49.90337
725.285 -29.82 70.15908
591.3358 -45.99243 110.2265
418.6726 12.00814 30.59114
437.8202 -33.33642 49.8341
631.3148 -24.66918 44.29226
534.9773 22.5145 69.29594
595.0802 -19.39796 39.2504
457.4909 -3.188492 61.59433
472.4014 -42.76568 42.57993
413.4575 -23.84211 42.07694
438.3259 10.2608 43.50368
336.8726 -3.8932 45.69982
451.9395 -19.32263 32.51278
631.8738 -95.55285 53.37277
362.0979 3.373802 33.82779
342.7638 -25.71435 39.21886
560.288 -57.4466 58.05117
605.9559 -85.31939 55.24228
456.4142 -13.80954 45.95474
526.7233 -22.438 40.22388
399.6292 -12.09913 38.38808
713.3792 -82.31028 43.51764
376.6951 5.609961 30.32835
428.0983 33.07578 35.42557
437.9192 -12.27964 29.06664
495.8613 -33.87767 49.23683
342.3355 -39.80371 30.18814
475.8347 -3.46726 35.92587
465.562 -33.29369 35.38179
804.0024 3.873732 35.06789
567.6253 -33.14205 36.1865
397.9316 -8.099381 45.07714
793.2757 -8.40174 35.07104
506.7741 -46.56777 56.72951
482.3557 -102.4851 70.23903
625.2931 -1.042274 43.42933
359.0718 2.049729 29.57741
628.7975 31.19058 72.02414
654.7273 -31.80297 24.91185
568.8543 -9.991585 59.13801
660.4443 -62.79815 50.53106
405.6529 -8.462199 60.92861
586.9424 -22.53484 37.45478
460.4311 -103.0974 99.71048
552.7641 -1.379665 40.80185
451.0723 -31.80865 68.43484
454.0651 -6.118779 27.88329
670.302 -14.53432 36.22374
283.642 -17.02837 38.77075
425.6069 10.1438 33.50744
419.1573 -7.974118 31.04867
354.5298 -16.8349 55.49143
747.0371 -76.59957 49.61225
556.7225 4.712931 51.44401
474.6772 1.315858 34.1226
809.2919 -117.5048 74.52353
701.6917 -91.00853 43.44516
397.6608 -33.90076 52.4166
596.0669 -19.40153 70.56152
477.8982 -46.45779 39.32871
368.9654 -14.1015 39.31463
548.6771 21.93169 45.58995
447.8452 -18.57869 38.68557
697.6634 -36.71162 37.13529
808.7301 -65.86857 39.53285
368.0543 -47.82985 36.58667
394.7384 -26.9334 32.99783
531.3927 -49.46018 31.19867
744.1895 11.08194 30.89391
679.6434 -34.05071 29.87067
572.8873 -7.104861 49.50515
539.5905 17.58407 46.57196
439.2867 -4.695879 83.25898
515.237 4.277607 42.45234
738.9887 -2.27952 61.08348
367.3223 -41.7342 48.46858
426.2129 -27.35149 47.12991
688.7086 -21.13213 43.51445
308.3572 4.232267 41.57066
526.1744 -4.646187 32.83535
358.7066 -9.345313 40.35868
343.5086 -16.9369 48.2955
499.2664 -6.119356 34.68327
506.6053 -18.83995 25.14999
460.2338 -0.4230271 52.90029
379.0031 -17.71491 33.22815
430.8603 -10.4127 36.91931
508.1097 -18.42655 46.51187
316.8991 -20.77571 77.34193
708.3547 -35.0373 33.67851
377.927 -5.000671 33.75303
587.7721 -17.54131 49.87299
434.0558 -4.856086 35.28008
383.9301 -22.99909 37.42276
365.4195 -15.84798 31.8864
499.8129 -8.735701 49.04688
568.7374 -58.60245 57.54755
320.1567 -33.72889 64.25258
418.4403 -14.8294 40.24907
496.0263 -11.46005 37.41199
435.043 22.05315 34.66888
522.7427 -28.46264 41.16461
448.473 -20.17567 25.51904
640.6157 24.26729 40.26101
605.0075 -32.39356 47.29241
702.6472 -45.01243 37.11385
469.0216 -25.70286 38.55843
477.6555 28.83131 33.85026
504.3564 -36.81301 41.80195
490.8402 -4.353747 41.5343
387.4489 -41.7323 47.65046
432.435 -12.77402 46.15199
363.3293 -18.17087 39.43355
590.1167 -61.85742 48.67765
345.405 -1.086589 36.49688
488.0359 -30.9723 39.82801
611.7733 9.649252 34.26775
358.0769 -30.7096 58.39075
448.2548 -70.20575 59.39581
423.4277 -47.73168 43.77274
402.9152 15.33326 31.83695
321.5092 -25.431 57.0445
547.1789 -10.06836 31.7078
429.4892 -31.12415 41.02217
585.9618 -23.08641 43.16211
474.9368 -27.54039 21.70655
525.0268 -36.57452 46.0707
470.7735 -59.88787 54.50844
581.2381 17.88663 38.9892
745.0966 9.403679 46.20843
348.3125 5.263517 33.26853
405.7648 -20.93595 44.24852
519.5377 -23.96471 60.69281
478.5926 -32.2562 51.51214
373.6063 -13.28032 37.67454
453.7994 -59.62839 61.58177
361.8654 -0.7085582 43.05689
441.5834 11.11958 33.74612
623.0736 -81.99399 74.15519
356.6787 -2.784024 58.16719
452.1883 -22.00411 32.85763
456.1846 8.659487 32.29105
827.8628 -22.96232 58.60127
479.2921 -30.88825 43.63961
449.1986 -75.58905 49.82721
607.7178 -42.35127 65.87716
537.0516 12.09953 39.29524
568.2396 -24.31252 37.56374
373.8409 -10.45139 36.50068
544.0833 -48.96515 45.84835
513.7548 34.05832 39.90449
370.4671 -8.463634 35.03614
508.0969 27.4688 66.32003
783.3335 -72.08387 42.55839
465.8127 -8.16926 34.42897
447.275 5.799132 39.52461
482.2201 -30.54326 41.20701
388.843 -4.582149 37.69378
611.1907 -1.396747 43.61968
651.7334 -49.95856 39.25762
514.1851 -41.69685 33.52246
493.2405 0.5931258 31.31868
802.9084 -76.76953 51.48041
520.2042 -28.90626 33.99511
353.3102 -17.27751 27.92092
577.1747 -7.079876 23.62524
387.0419 -17.03375 45.07664
705.2201 -22.19647 38.16645
441.5062 3.961267 32.31571
704.6392 -4.71792 32.08128
596.0184 -6.215082 43.18263
555.4652 -16.1269 52.92194
341.805 10.45952 27.72362
551.8318 4.981911 45.00672
574.2084 27.4729 41.47733
599.1621 6.423309 22.26511
471.8082 -51.77026 47.15766
643.2393 -21.66297 57.47483
443.2366 -40.93906 29.28908
472.0899 -33.14014 47.67023
378.975 -8.727648 41.84221
552.4454 -38.37146 43.55205
789.7734 -33.42353 32.4189
582.895 -28.65206 34.86251
522.8196 -19.06257 28.72633
763.9962 -13.3236 34.29257
445.1061 -11.75416 36.95894
524.4527 4.485697 32.09041
688.6833 -83.37122 60.13165
413.8711 -8.90845 45.45153
576.6934 -50.73316 34.88125
447.9455 -10.9345 27.73864
434.3368 -28.11305 43.7708
628.9747 60.14404 42.59653
586.2395 -7.060665 68.69005
354.4071 -14.97977 41.12559
564.5558 -14.63094 42.46434
452.9014 -5.331536 43.37671
288.9302 23.19437 42.2062
528.0518 -18.51813 39.01318
408.4617 -8.047048 32.91481
479.5018 -50.18158 45.33808
830.0485 -97.32122 68.43552
789.6815 -34.56197 33.87492
633.1606 8.938515 64.90398
361.2769 -7.371519 31.9919
332.044 -6.403804 61.45364
571.6514 -32.15686 44.51865
547.4113 -21.27845 43.02977
491.1268 0.4797826 50.64073
335.9866 0.1324915 52.28296
402.9904 -19.65512 39.65196
574.0833 -12.29743 35.43545
491.5675 15.88097 45.80143
486.7904 -8.063157 26.84116
452.8586 8.758564 31.55067
744.4131 -48.45562 31.91133
483.2359 -15.09005 27.14229
389.9688 -29.07526 43.30006
488.3758 -91.56742 56.77241
391.2583 -10.10924 35.92968
535.0842 20.41974 40.22032
388.2414 -19.91833 41.48971
572.9138 -39.52066 50.6571
453.966 -27.81402 33.99233
444.1845 -0.9663601 42.76639
611.3559 -48.17304 80.67521
536.6856 1.407457 35.93495
542.4063 -71.92389 44.1948
352.4235 -16.13908 44.08607
390.5823 11.50065 44.89626
502.5051 -3.750141 46.95854
379.1717 -14.37765 54.07209
377.1631 12.03429 34.78512
380.9435 33.70485 44.00184
393.0759 -13.03568 26.62459
258.7342 -10.23555 47.32553
446.4357 -41.97578 46.8838
482.3253 -42.01567 51.91987
618.5239 -11.4846 39.27381
248.7718 -6.255268 49.52881
505.9372 -49.00216 56.87926
452.3298 -21.08569 44.64058
479.36 -51.2002 43.8982
622.5801 -11.60888 107.4971
497.9874 7.019889 69.68776
394.5147 -23.56908 50.85613
343.0551 13.63002 59.47317
404.8161 -32.0859 35.97535
527.5027 -13.06902 30.93444
424.5223 -14.01607 38.64802
433.9264 -17.29779 43.65546
551.3379 -48.48877 44.2404
332.4709 14.74544 66.18165
392.1329 -1.392812 34.2783
440.3425 -3.986413 48.89995
340.8006 31.14662 47.19168
772.1333 -91.10165 55.2437
651.5398 -9.502482 38.33374
433.0509 -28.01166 50.41757
489.9761 -10.38723 78.1462
379.6126 -25.20159 42.07568
535.486 -1.911225 40.9208
787.122 -30.6387 54.85935
683.8422 -17.12971 32.63741
370.1915 -19.81053 39.81539
467.536 -44.21806 47.79757
553.3239 -68.81215 38.19446
537.4831 -1.4358 63.63612
433.0695 -5.198653 39.23337
472.137 -86.81109 58.95082
506.7723 -17.9765 38.59397
441.0326 5.921529 39.36153
350.0841 -68.94087 57.88952
376.8557 -14.47167 61.55003
719.4515 41.15192 46.7132
425.6644 -29.72392 41.21431
1059.18 -15.55957 35.36956
358.6047 -28.8205 49.03308
540.7551 26.91701 49.59865
749.6146 -41.49522 32.12663
557.0842 -25.83564 29.14481
413.9944 -6.235718 45.48693
476.0346 -4.240209 29.73695
424.8017 6.700357 41.42612
347.7205 -14.98172 43.4303
508.8048 -10.1167 32.78329
369.8617 -23.04258 33.54593
306.8779 -23.83237 37.84763
563.6309 -63.62871 50.30049
409.182 -23.01 30.72144
318.3663 -24.23235 41.22298
477.6527 -55.16134 45.81399
579.0133 -59.45693 34.42547
448.0885 -17.87862 32.619
390.9267 5.039165 37.47465
415.9964 -37.50448 54.08002
414.3724 -30.09925 47.63916
497.8228 -22.50365 37.01244
362.9651 -18.39736 28.23629
526.7175 1.621043 21.05393
497.1089 -6.560806 52.81832
272.6685 -8.744286 30.50108
517.5719 -47.51997 41.60725
516.8038 9.467771 31.60557
549.7672 2.350573 52.77389
604.5488 -51.45636 48.43773
613.0134 8.867256 36.04711
407.1446 -41.99951 36.2281
409.3195 -2.493434 33.31996
322.8618 -6.263462 68.80737
446.9854 -10.9575 42.43908
519.8717 -29.79226 48.34603
501.7097 -36.7765 41.20713
567.786 -106.3383 55.10474
404.3542 -9.163503 46.09592
320.2624 10.54042 60.26725
398.3894 -27.28347 61.79792
358.4011 -14.27201 28.97116
463.1197 -43.33456 62.55187
540.2086 -12.16745 39.23033
565.6916 20.91309 38.15229
490.6834 20.9362 34.20447
401.7479 -9.310812 72.78667
362.7591 -30.84414 60.14175
473.1561 -36.48253 51.0655
519.3418 -5.533148 39.20787
635.519 -25.91313 31.96959
310.169 -40.7414 61.4266
423.9286 -37.32061 49.48653
365.3847 0.6312356 56.94343
584.7386 -54.41182 55.95734
433.1256 -39.043 44.20765
337.5178 -14.57831 33.73218
559.6605 -39.98302 24.86804
572.1493 -53.02163 41.89831
559.7539 -3.354394 49.14209
403.9144 -56.5912 66.06473
412.6403 -33.43595 37.15913
355.8848 -5.869829 33.33772
505.0523 -68.01147 57.72243
537.1381 -34.94896 35.7383
449.5041 -49.23105 50.77312
609.1066 51.19305 40.2244
473.8439 0.2192609 60.80732
603.1182 7.420071 47.18157
505.0845 18.02473 31.58903
370.415 20.06401 55.20737
487.6263 -66.8193 52.25909
318.1942 -24.43972 45.04215
367.6657 1.806169 40.53395
645.5112 -20.72654 60.93061
291.9051 -11.68744 29.3402
562.7697 -10.1317 41.93557
514.3447 -46.11779 47.37584
349.3863 -24.49226 63.49054
523.3299 -19.88147 43.92437
574.6686 21.05075 44.37455
315.6252 -28.1433 55.40043
677.4629 -20.26288 37.11674
491.3896 -34.0342 40.11095
560.0941 25.06832 33.72323
399.3871 -11.59517 36.96657
329.8686 -11.52625 53.64906
605.5366 39.27867 35.77143
572.6265 -63.54025 39.61769
537.6129 -1.798477 39.78088
380.5037 -9.41182 28.9502
577.5939 -34.38044 41.62351
609.5748 -16.82448 31.26612
693.346 6.239326 37.30341
708.5713 -36.38448 30.59341
415.0132 -35.55198 31.66373
668.7655 -43.95728 44.42468
390.1784 18.20457 52.25972
637.3205 -7.227677 38.8586
445.4466 -44.22319 29.19699
450.2844 9.056486 49.27939
512.1755 -21.14112 51.75465
507.3234 -7.876593 41.31471
584.2253 26.16214 52.14443
468.4512 -84.93783 80.06086
353.2458 -4.483579 57.83503
443.1552 -18.69658 37.70957
387.9153 -13.85206 56.50028
554.2673 -23.91216 34.07347
378.6884 -18.04598 29.81288
738.2689 -94.43825 59.11793
539.518 -44.02913 37.24039
346.4735 -19.3385 39.15892
446.7417 -51.40501 31.95225
477.9556 -12.06987 39.02291
438.9073 -33.87749 41.19423
756.7713 3.912271 37.50318
361.2799 -1.50838 33.59216
654.9743 -8.537459 43.75431
488.2649 -13.74195 27.75944
908.3228 29.63943 45.72005
414.5772 -7.5694 41.09996
525.8788 -59.83898 47.12125
476.6478 6.175254 38.00655
620.0992 12.34104 39.23492
405.0057 4.500304 53.64819
415.2268 -41.37132 39.73206
514.0813 -11.29602 72.92869
401.827 -20.41882 32.72375
371.8124 0.3394404 37.91486
392.9913 -38.98426 43.00368
615.3824 -24.42289 43.71146
688.7711 -13.39665 27.79771
496.9804 -33.73751 36.47034
484.1387 -32.68175 68.05132
530.1916 -27.64157 59.52904
532.3379 -1.740939 36.92622
411.8072 -7.293968 53.24757
415.3125 -26.17043 36.40061
568.1662 -14.49829 35.37955
425.5982 -45.49083 50.85297
452.4392 -46.95121 42.69684
433.4525 -9.708892 54.16408
487.1049 -25.29172 50.34882
495.6723 -3.068361 29.17282
435.3749 -20.76257 24.86982
921.9942 -79.49991 43.80745
338.3728 -34.31816 36.12012
482.6159 -10.03113 36.20882
558.3477 11.57621 52.71966
552.5639 -14.16243 52.0527
494.7581 -22.48823 29.68392
533.5921 16.84821 33.37695
484.2166 -15.66741 32.97064
425.6261 -15.0364 65.62579
573.4074 17.43178 44.38356
409.7735 -38.84391 36.94362
347.979 2.996711 36.36719
377.0345 -30.83094 38.36975
577.3658 -54.69797 57.50211
521.9585 2.44336 43.44773
368.2525 -19.60552 64.50627
638.9337 -26.68636 55.88255
596.7843 -1.543052 30.69606
366.6924 -17.18805 45.13981
610.7366 -32.86436 46.38321
481.1986 -6.279015 59.52659
447.8782 34.40977 61.20055
381.1898 -7.281589 49.64663
528.9847 -68.90746 41.97981
553.8466 -21.16303 56.77048
633.2861 -36.69576 28.71003
464.8051 -18.23707 42.6214
444.5112 48.27343 55.24782
473.1207 -42.33353 42.96237
477.5603 -95.35106 64.59866
321.8108 -41.7379 72.35395
625.1542 -40.93414 72.14291
486.1633 -32.27985 58.77939
432.2589 -19.08599 31.73705
367.9989 -23.69663 57.4692
469.0696 17.34033 38.76931
621.2822 -39.25431 37.54681
671.153 -26.16728 42.98615
385.9401 12.80068 32.85648
393.5524 34.9552 59.3199
530.6567 -12.26055 34.222
570.2345 -6.105208 25.11279
537.3809 -43.12198 33.94487
667.7936 -56.74177 38.82142
316.8603 -13.4205 79.34273
419.9003 -42.31186 41.79523
414.804 -53.75793 55.93107
514.5296 -63.47972 33.22937
351.599 -9.807928 25.08698
445.6434 22.79929 36.70629
442.104 2.111742 40.90061
767.2553 -116.8032 65.02971
373.4684 -22.28813 49.78409
556.0197 -26.63272 38.3147
451.5117 -44.14299 39.23478
678.6957 -44.4173 37.29899
746.3369 -14.27325 49.27852
692.3392 -68.37906 37.73171
630.3353 37.33419 41.13246
443.4782 -2.14576 48.10975
354.9145 -30.4883 19.67586
356.8381 -15.46318 63.57676
411.4107 10.5911 42.78661
432.2683 -34.60903 56.71385
305.2549 -13.48395 25.01125
690.3922 -33.05473 29.90374
461.121 -10.09382 34.14964
387.9071 -20.69821 27.41315
550.9334 8.721581 50.73308
319.9505 -7.60037 26.2191
449.6725 -40.47772 54.64937
393.0128 4.732963 57.19729
348.3547 -6.172243 40.77985
520.4457 -73.82633 71.27079
647.2249 14.40729 40.38863
509.2652 -43.81259 59.8947
453.1917 -54.74409 47.25892
380.8387 -10.00527 36.22124
577.6194 -29.51183 38.6608
508.0614 -27.79746 34.8526
460.6368 -61.53703 33.1415
304.319 -15.32459 45.5759
402.8296 3.238652 49.08675
507.4863 -35.78072 40.66385
323.1577 12.58836 29.57543
361.6105 -53.3396 70.23033
503.8105 -25.81664 32.16805
480.9818 -36.87803 46.88045
586.683 -20.38433 54.4321
475.0115 -38.21183 31.92095
464.6893 -8.487004 68.02734
374.3049 -3.139049 56.6654
601.5919 -71.40755 56.86039
531.938 12.75876 45.28291
499.1961 -55.96274 42.40204
624.126 -26.48496 51.52667
851.0397 -67.84727 58.29404
432.1024 -30.12302 33.58078
515.3839 -20.26851 44.15472
838.9719 -47.17209 38.48641
518.456 3.360502 53.65288
363.9776 -13.62834 41.70473
712.7789 -12.11786 31.00009
489.7001 -50.50652 68.02095
576.0627 -50.33523 33.89693
842.7065 -42.06633 55.21639
516.4031 -31.52635 62.1271
551.152 -28.40798 29.20627
443.0017 -13.23344 37.04138
833.173 -14.95843 46.74267
466.9561 -37.9352 55.88575
290.2071 -27.03748 39.34963
677.1555 -23.58553 27.76663
391.5615 -13.96996 49.98876
513.0249 -58.93565 57.36785
447.0492 -6.307599 46.40462
435.9422 -26.68648 47.23512
393.5647 -15.23324 54.77161
787.4021 -44.47268 41.55176
435.7158 -17.621 32.05195
382.3645 -4.594074 50.35288
363.3381 -35.42903 55.17142
484.0045 -38.42653 36.17173
535.3812 -77.36516 54.92499
495.7258 -6.663084 31.72384
504.6253 -42.03605 40.41079
345.7614 -13.40785 59.34109
418.0431 -40.81816 50.497
499.171 -43.43718 44.96559
526.4182 -51.56283 37.79551
526.5683 -30.19789 44.55691
470.0253 17.67573 51.52967
605.3068 -30.19218 42.77041
569.0958 20.59255 54.8091
359.8323 12.8767 52.95569
427.9239 -40.12537 38.92796
465.9778 -7.995095 47.20763
538.5149 -42.80085 48.15951
602.6124 30.31306 49.0841
545.4137 -79.0477 87.16249
511.2075 -43.90532 39.5713
568.1238 -45.41256 38.33885
381.0216 15.44871 35.25215
595.2873 -13.13542 35.15037
390.4525 -44.45534 47.7335
454.4497 -16.00634 31.03886
496.3417 -39.95308 30.85352
444.947 -52.09876 40.58243
355.2187 5.686785 29.44609
503.1309 14.6719 37.12001
485.9471 -1.007853 35.68161
551.7632 14.52195 35.29019
653.7243 -89.88566 72.1516
449.8357 -11.92112 55.56613
397.8937 6.30247 41.83863
509.616 -28.50022 45.94082
442.6464 6.37725 47.0353
507.379 -28.52275 37.87009
616.0381 -4.375041 28.23297
580.6744 -53.58997 40.64204
483.3363 4.134597 52.08579
388.125 -18.78351 39.60892
569.883 -11.94888 37.98108
