8618.728 -1303.045 674.7357
2491.873 276.756 324.5857
3648.357 -292.7145 805.2767
7646.334 -1127.343 669.2772
6046.253 -325.7885 421.8547
6068.081 813.7244 2041.447
6478.377 -424.8978 598.2679
7723.034 886.3879 609.2235
2833.682 -82.63111 523.8569
4802.195 -221.8126 928.4901
2081.999 -593.951 1050.794
8381.421 -413.8418 805.6979
7097.234 -572.6264 533.2588
1722.555 251.7704 205.3698
8542.59 -1737.417 1159.854
4370.135 -403.5652 1434.458
3929.179 1185.239 1452.437
5715.088 -1203.345 884.3803
3548.503 -43.52486 159.5948
5116.876 -1371.645 1126.094
3451.332 1127.074 1213.011
5889.097 -336.7388 355.2836
3633.704 -373.4888 1162.142
5181.094 1881.825 1573.148
4179.086 -1074.304 754.8837
4183.971 -223.722 733.8353
2975.506 -424.2245 516.7129
4352.811 -287.8375 208.0626
16072.43 -1498.73 560.8373
2960.442 521.2494 841.4241
11935.92 3293.378 2267.056
8629.299 2773.369 2069.805
1559.803 -11.24527 968.9711
2343.235 3.831244 362.5448
6061.884 -342.0463 312.7133
6755.274 -1315.942 787.6934
8800.741 500.2058 457.5385
1956.744 -39.44191 377.9483
1638.275 7.43095 265.1385
4759.069 -87.75061 423.2651
7816.185 -489.4722 197.9931
5521.346 -565.7427 1761.663
8995.849 1051.217 457.8526
10512.32 -1086.962 499.1875
7382.967 -897.9732 400.149
3540.846 -774.7686 943.5338
13187.11 -755.8146 844.7145
6531.137 273.1368 4560.471
1865.056 168.2572 459.9003
4581.422 -1316.588 1307.722
6936.347 -1249.467 528.5896
3074.989 438.5939 835.877
6677.328 608.8397 333.5877
2629.806 41.50426 377.7624
19055.46 -1655.801 382.8079
15886.57 1563.883 596.9406
2765.631 -228.9342 710.94
6226.807 -88.40523 941.8619
2855.128 117.0708 346.7929
4790.771 -366.5463 632.95
5664.315 1816.267 1005.378
4521.029 770.7517 488.5802
4366.421 -1679.665 1445.715
14405.72 -1041.866 624.9998
6220.081 616.7699 651.2229
3216.198 -871.0952 806.8706
5672.966 665.8367 921.4984
2751.461 -65.32813 381.4223
4137.756 -259.446 453.1533
4298.888 -87.11777 709.6722
3743.261 -831.2858 752.8481
2835.966 637.1804 447.5763
8824.351 -1378.793 711.6833
5231.642 103.8496 754.6906
2377.659 383.022 261.8751
6712.898 40.69531 514.8755
9748.939 166.0074 385.5305
3772.82 452.0992 384.4526
3097.656 -1251.574 2169.947
3750.572 156.8822 365.8746
1181.839 59.10879 367.2916
2185.999 435.2989 535.0587
8231.957 -32.56964 362.6712
6504.133 1526.208 719.8986
6388.126 125.1972 302.044
35779.95 1259.39 213.9814
4432.832 -384.4162 376.3473
7128.263 572.4771 614.2248
5164.318 -542.5316 729.172
8530.838 616.3684 296.6164
9279.125 -1283.332 691.5879
3678.146 628.9048 449.5784
4649.566 -1704.091 1470.668
35931.06 5752.207 1355.973
6142.265 -844.8743 901.9481
3608.903 -207.9826 197.9971
5709.135 -1907.085 1174.697
5751.906 -436.6469 909.0704
4472.574 125.4069 1056.103
4123.275 42.34017 254.8133
7444.133 -572.2561 679.4401
5930.921 1245.778 1013.63
8252.398 -1131.211 1071.084
4876.732 -263.9985 931.7627
2817.564 38.07829 617.6588
4081.613 -274.1027 236.5819
4199.958 -413.8745 356.4104
6070.527 149.9496 267.9098
5429.465 -334.4557 249.7561
6068.44 230.9941 619.9718
2498.371 312.8831 373.6054
8995.463 -11.47049 153.6062
14198.78 -1151.263 505.2533
3025.093 -474.4194 686.1745
4385.23 142.259 489.3348
4828.966 -17.3992 308.8208
1936.406 188.7405 291.8562
6882.574 -109.7167 331.8408
9818.09 -784.0022 934.3475
6857.21 -230.8013 173.6048
4851.916 -366.5085 535.1384
6582.295 53.81546 1011.635
10595.1 -2859.685 1424.651
4213.074 -16.47368 679.5643
8456.251 -145.5804 537.4944
6644.597 -1505.708 3295.877
9441.917 -2385.686 1075.993
2273.594 190.7775 1312.91
2551.416 33.95762 289.4945
3950.975 867.9367 669.8825
4494.825 817.2559 827.2833
23557.95 2993.179 707.7552
4587.484 589.4839 1101.835
6113.061 1136.115 953.2378
6116.189 -260.5015 708.1177
5952.846 -217.8071 927.0269
5633.127 -269.6379 580.5023
3755.636 -178.3627 844.873
6936.213 276.4122 834.8247
10246.89 176.8048 675.2776
6199.585 -1116.545 1261.099
101839 -1421.658 222.5704
26682.91 -6069.556 2088.535
13378.07 1782.696 1017.824
27060.88 1747.395 1991.555
6575.315 -934.1124 1820.661
3627.952 1082.889 1110.826
3838.223 242.9536 267.3963
4144.816 339.5992 1392.686
3400.611 2.492452 1067.726
4644.378 -308.0339 475.6583
5123.224 -1325.915 1194.011
6737.086 824.9074 510.0984
19149.78 -2431.71 600.221
3088.754 -151.0594 1641.65
3715.619 -144.1487 729.6366
4465.665 976.7381 561.7796
5340.835 -667.7133 967.4792
5615.044 -342.1765 292.1553
9524.378 -242.7604 503.5424
3416.353 -118.1237 281.8631
9220.74 -319.3784 246.3288
22518.03 -1348.8 566.9547
4400.771 -135.4351 326.4983
9939.915 2019.956 1504.548
7397.369 -887.7277 441.4312
3748.218 334.6567 260.2401
48042.45 1158.126 336.7903
8488.096 1675.389 3018.667
7547.992 -874.3344 540.2252
2990.185 326.859 368.2241
4540.628 606.9658 345.5375
8050.291 1977.019 1519.505
17296.39 -1892.661 823.6369
5106.573 -787.2961 330.7585
9082.797 -20.06516 246.3558
13708.72 -2718.975 804.3763
13648.16 1240.091 786.837
3741.908 -720.9499 518.3087
10237.5 -496.2023 877.6903
3076.805 -4.157316 179.0954
4959.634 1361.369 1437.007
4276.278 253.53 600.5934
6400.75 -301.8173 666.5092
12318.26 -1363.857 752.9281
4387.865 -91.44213 208.9725
6459.381 538.2277 399.1333
6033.553 485.5345 935.0736
4685.175 -23.6654 687.8591
8789.959 -1854.483 1581.922
16563.05 230.7797 412.1743
9659.812 390.2362 395.7835
10744.36 831.4593 733.461
5913.307 -374.8882 493.1651
23536.83 2622.405 412.5764
29813.97 -333.9628 1059.036
14269.27 508.0035 373.0129
5535.874 -20.77197 718.1021
27187.65 6678.782 2742.406
22184.52 -5360.364 1540.014
15152.81 -1842.303 614.0489
23396.1 2639.062 533.4443
13506.46 -975.676 392.3555
6015.327 -351.1197 249.8543
27347.68 -345.9834 189.2166
10795.67 -2094.531 1152.632
18639.39 -3012.217 783.0691
3982.658 -633.7785 1334.671
8875.033 -919.2478 333.2703
7243.181 -1559.305 651.5975
13736.2 -1886.162 517.0679
11271.04 758.6034 702.2206
13626.25 -1013.341 539.1745
6139.264 -339.2664 1284.756
7551.34 -460.781 334.2736
12153.99 -1120.035 431.9766
15740.61 -355.3274 605.5531
18228.99 -1908.601 680.9605
17434.98 199.2931 312.9123
39104.2 -2455.99 456.2129
12107.54 148.5899 189.1877
9132.55 493.8367 684.6022
12514.1 -1153.477 385.1089
6310.657 -31.41329 327.9358
8182.469 783.8571 527.0668
3978.444 879.0703 1021.995
7891.327 1221.066 698.4532
12901.43 -818.0583 736.3027
13565.35 -363.492 687.4686
10767.59 -705.8996 971.4452
4382.575 -633.3922 555.328
22420.83 574.4362 643.2306
5726.676 1988.902 2410.72
8094.634 454.2663 963.3107
40823.08 2471.785 486.6842
14194.69 60.14123 1242.857
19152.17 -3355.249 1532.697
5400.633 196.4967 363.2134
8413.076 638.4945 1196.386
41181.34 4264.568 762.2249
11218.37 -1433.66 609.7108
20000.78 3043.345 1122.353
8563.894 -127.7825 492.2259
8776.069 681.8213 783.0599
9414.003 -263.2867 660.9664
3787.626 289.3245 719.0184
3762.864 1054.005 712.2507
5483.338 -658.2319 1249.189
3966.635 -105.8727 793.5126
9709.105 120.1097 316.7744
3662.476 81.10275 359.0884
7247.996 1712.5 1498.083
9821.843 346.8979 273.1715
7448.861 2245.295 1691.434
10266.43 -1145.151 859.5345
7215.246 -838.46 782.1699
18064.62 -615.4184 513.0341
8405.572 -159.8887 462.6261
6137.629 634.677 330.3141
4505.189 629.01 427.7231
33472.49 7900.82 2345.229
5404.624 437.409 394.9064
11050.44 -492.5782 306.9292
5092.735 219.4077 261.2235
4235.787 50.97268 421.8636
6137.84 284.3436 520.6388
16660.56 -530.2948 395.9037
8285.67 -699.8618 539.0161
9715.857 550.9101 865.3624
8629.553 -849.817 1816.109
5489.35 -810.9216 1573.616
5227.995 -166.4831 584.8907
7211.611 599.3304 742.8535
7397.958 -423.7427 456.6263
7697.067 -90.5221 335.0533
10397.52 1015.562 1089.46
4089.216 -31.24064 361.4723
10563.93 3584.209 1871.841
5211.01 400.6692 231.7214
8938.655 895.7255 340.9886
6235.817 847.2102 521.07
2544.39 245.2964 599.622
2744.534 -486.7251 2083.179
6654.416 502.4664 276.7727
3542.152 438.7921 595.8445
11335.92 -892.4247 267.0424
8842.272 1513.728 623.8774
6360.865 -131.4372 434.8114
24017.16 11211.57 6269.075
4592.147 832.2565 458.1141
16082.12 571.6054 385.885
10058.83 25.33026 1497.819
30470.58 3513.492 883.7666
19267.16 439.4261 500.1609
5718.17 692.1159 536.3245
6228.996 1035.787 1181.056
6144.734 940.4047 851.3881
4034.255 -94.91748 631.1344
21867.45 1523.357 631.4403
9310.275 431.9401 437.4979
29193.09 3991.038 897.2121
3679.82 540.0024 2909.342
3929.936 -675.3244 1047.463
6926.109 274.1537 462.323
10635.37 1579.488 596.1489
6183.241 -571.1719 512.9479
5916.846 1276.321 1507.229
5463.571 2461.204 2309.129
3624.085 188.5042 556.7405
5551.934 1903.127 1028.331
3768.635 -41.48333 470.3638
3150.256 248.7602 530.2609
8176.745 -1533.872 1767.441
11966.15 -2036.985 1167.102
6033.808 -403.1078 535.2556
8868.909 467.5629 1346.011
5038.247 69.04218 538.751
21103.08 -1509.138 634.3255
4887.9 -827.4686 663.589
2358.105 26.70843 553.781
6409.457 1177.827 1775.226
14190.29 520.298 492.1214
10424.69 1599.124 887.3686
3819.099 -465.1782 634.3195
5296.275 437.7333 827.6152
9808.85 1981.445 1023.544
8828.525 1191.655 805.8838
10116.96 -1592.861 3170.992
6432.213 234.1458 528.6684
9129.879 690.3475 503.1195
3891.076 205.369 811.6039
17268.91 203.2601 375.4432
5882.723 320.2999 559.0387
6217.821 -140.0727 569.3876
15031.51 6918.714 4508.293
10685.96 2687.801 1289.693
4786.202 -585.9915 1026.641
4105.381 316.0365 526.1915
14129.91 3713.689 2782.281
4549.879 149.4455 700.0341
2646.589 939.4697 1107.593
4489.976 477.298 478.4519
4288.189 37.12662 806.1361
5835.184 61.40215 1907.91
6734.366 -478.705 1399.963
4617.144 -540.2503 1226.686
11275.48 1252.04 1585.573
9002.761 2425.683 1247.213
4454.006 65.74651 1232.556
3516.425 2249.582 5574.807
14308.66 708.4158 1675.149
4625.528 451.5633 479.0001
7650.18 -257.9582 727.5125
4141.014 451.6221 3507.484
3168.357 283.0448 988.6875
7455.628 901.5124 1726.264
13098.5 2294.643 1252.32
5814.055 -960.9067 3219.39
9028.095 691.7984 1394.086
2923.978 -549.6777 1390.525
8964.508 2547.403 2842.214
12979.81 367.8021 1384.959
2633.762 767.635 1266.143
17818.03 -3470.812 2060.584
3411.511 -252.8796 1322.343
3105.103 130.6739 3326.17
17053.28 3832.047 2180.765
6294.387 -77.39388 526.301
10495.4 326.6273 802.6776
29392.66 6258.081 2058.085
10709.1 -1188.674 573.8817
7102.962 -116.7848 646.2871
7182.118 371.5109 4087.43
3262.724 206.4684 1884.724
3819.376 -1034.674 1390.936
3525.781 1154.098 1325.268
5863.072 -387.0698 1758.67
5584.812 -298.1433 571.4946
5964.271 847.6431 491.282
5443.009 810.4256 1159.095
4398.075 839.3967 870.7592
3544.374 -571.8067 788.519
4376.523 -591.2993 1432.944
12502.27 1297.728 1354.464
3791.655 -202.7124 927.4977
5233.187 -552.3323 567.6688
17717.45 -449.2054 509.49
16070.3 28.80373 866.7876
5472.81 -475.6908 1005.6
4836.747 600.1725 306.0052
3726.893 -273.1976 1987.723
3374.977 328.1804 424.4119
4832.346 792.0978 464.3728
5955.918 -1083.13 610.5059
5928.86 1798.091 1292.654
3062.226 -830.5952 780.5433
20776.58 5067.291 1614.031
3706.7 547.8298 1465.855
3058.072 -615.7535 516.5797
4492.331 -45.338 458.6432
14033.44 1516.515 660.9744
4102.209 29.8311 846.4056
6775.306 1091.102 2291.763
2253.243 -50.53766 391.4291
8401.674 376.6466 614.0949
5679.631 -1306.651 1070.776
15457.66 95.65615 278.9991
3799.193 -234.1876 901.2461
8792.239 842.4936 948.6006
2760.288 3.909918 973.2435
8328.497 1221.074 1418.522
11106.43 752.1437 783.2618
5079.577 -26.24472 833.2227
12247.12 1064.308 1613.074
8406.389 592.0896 1403.419
16110.54 481.1019 668.7489
9897.509 1153.777 1245.956
5005.146 1804.993 1617.639
4219.061 -174.566 2080.638
6716.823 -2140.237 1927.132
8949.376 3265.597 2017.628
18215.75 -32.02644 913.4457
7247.357 2270.075 1003.036
12584.95 3814.74 1788.537
5907.001 64.76088 442.2222
5141.533 672.5292 666.7328
12665.41 -264.8339 323.8332
3865.523 -527.1942 1094.941
12197.36 130.0396 325.5495
5248.269 1379.216 1040.172
4481.779 77.01326 1004.594
2316.759 645.612 993.3543
14210.53 1888.965 694.5822
6703.882 564.593 631.9887
5626.482 1256.469 812.0648
22914.77 340.0156 347.6457
4736.12 296.9075 799.7863
15682.35 3024.789 1180.986
4561.831 1024.07 606.6139
2642.427 223.5291 357.8495
3764.041 411.221 843.2691
3621.954 835.0881 1070.096
5893.196 963.5926 2904.449
2180.035 200.2658 573.0171
12737.45 184.0316 676.5775
3564.157 627.2764 1589.314
6197.629 642.4025 1580.047
9766.701 -524.8396 992.1158
1453.615 -261.05 1669.292
3500.296 563.2187 4673.047
1889.235 369.876 793.035
13942.83 -2443.315 2306.07
14398.7 2303.594 1191.924
5922.334 539.4971 1042.371
6055.42 181.9471 2636.565
6958.181 570.6736 1115.984
4079.62 323.7755 885.9914
4552.832 231.9335 1364.577
9681.775 -1309.476 1147.624
14591.01 -1811.17 962.5023
11670.94 1425.307 759.218
3472.911 160.1396 885.5564
8946.829 440.3091 497.8265
4898.472 -133.9936 378.4783
5337.518 495.1075 1201.531
2544.532 459.6538 1150.933
5387.847 -121.2756 425.6167
7560.126 300.9963 326.0736
6695.808 1376.376 10945.08
3546.515 109.4524 621.1542
5033.425 -1002.578 1353.913
4443.009 144.8483 623.3275
12105.66 -357.6016 453.7841
6285.478 1263.527 1362.357
3236.603 5.958165 335.6915
2050.617 313.7328 1437.513
10673.84 2332.121 827.8578
21171.82 -4820.86 2062.496
8194.841 1263.575 698.8774
4800.021 -324.9927 287.03
4565.912 906.6063 530.5148
8775.722 1771.003 1313.732
6640.596 -364.0131 225.993
2083.105 -187.7067 361.9869
8238.938 18.51981 152.7499
5079.265 -184.3157 629.6499
14254.81 -247.3946 292.4378
4650.906 662.5147 683.0335
4961.48 380.257 605.5493
6828.189 -1219.725 1226.405
3510.952 -596.1412 566.7763
3240.714 -93.31064 632.3773
5436.983 898.1321 823.4907
3789.46 28.46006 402.1194
28434.79 -4502.124 1490.708
4689.684 1046.402 2790.59
5265.802 -1925.951 2360.838
5152.545 71.85143 1846.766
30697.32 -1552.18 294.5762
4033.461 301.517 477.8431
3929.479 37.4469 403.8556
3714.483 -65.5711 643.4606
3875.337 -497.5697 564.9728
8259.326 -621.8206 377.717
4536.724 -75.72121 646.7767
2500.58 -449.1261 377.651
5794.702 -1450.274 852.9297
7213.192 -609.1823 1238.063
19110.8 -2244.435 782.3974
5978.141 -837.8667 790.0078
9646.274 -1294.039 1830.581
2620.618 -304.3853 1062.597
16442.56 -4128.872 2326.607
27427.71 -3173.498 746.3385
5965.067 -764.5108 741.0558
5327.521 758.0531 493.1447
11390.44 3447.912 2505.266
7010.652 -1090.559 1018.789
8777.055 1793.461 1568.268
2669.841 -43.46855 1020.917
3801.42 35.18874 502.942
2723.144 -264.0752 763.5948
5513.571 -100.3787 231.082
9949.882 1303.198 509.3505
4790.073 1318.573 673.2311
3814.511 -371.379 685.5375
3961.256 -257.1185 522.3883
6416.125 499.151 556.1567
11719.32 1114.615 1912.175
17119.69 -5390.286 2107.092
3255.016 -78.6919 621.2353
10871.13 1287.198 572.9057
4715.8 -263.0065 542.5453
5916.216 302.0646 512.4843
3759.224 -82.78581 816.9334
7410.548 -213.8894 378.3164
37039.98 2509.277 503.481
5837.874 -127.8949 208.6761
3267.685 -148.705 520.8648
1957.831 -450.9346 701.819
2260.044 -1398.976 4760.058
21123.84 871.5422 1827.823
6290.037 -1241.856 704.1669
15221.71 420.8353 552.2799
8287.477 2663.826 1970.76
9814.152 -183.8598 325.0327
5064.146 268.9722 659.3906
7332.412 336.6811 1453.892
27442.62 4237.73 2823.208
7310.866 -22.66486 996.0066
6183.807 -398.8535 740.8692
3025.772 178.7213 1025.765
10855.73 -1909.583 892.9403
7477.463 1133.949 520.4999
9162.395 46.41397 913.1022
8041.164 -1421.577 832.2292
5133.66 257.0347 552.4467
4624.694 -289.0711 976.7064
8031.181 470.1898 589.9603
1677.686 164.8604 1105.348
5473.001 486.8029 397.3101
10194.04 315.0845 230.5967
5600.317 -492.0071 340.6214
9471.005 -1400.03 437.9677
5321.412 136.848 422.4931
8313.311 -1807.32 1418.347
8219.517 1337.076 586.6814
4803.316 -216.1071 373.5513
9670.298 1891.928 1469.973
3947.328 864.8148 1122.111
12378.12 -1580.905 592.4601
8121.125 1003.254 971.0887
4698.514 129.8684 857.0918
15680.89 2947.143 1714.511
3616.046 499.3608 936.8103
8029.324 275.889 1166.742
5467.416 -82.44234 159.1929
5879.715 2169.843 4160.347
9102.192 707.9151 325.4576
4165.893 -696.6245 468.2828
3612.065 519.8165 668.8947
2833.852 291.5276 420.1946
3959.545 -91.44247 715.7744
4632.989 885.0635 630.6415
5425.979 429.499 339.7509
5299.911 1209.867 866.6061
6093.157 -472.5431 564.1147
4691.231 1234.413 775.3106
1783.355 79.89333 355.2115
18516.53 -242.465 470.4115
2735.821 -41.2648 638.6479
2653.3 348.6441 573.5609
21903.92 -1247.12 499.9495
3065.883 29.27044 266.2465
2981.433 96.97199 1123.689
6375.004 1721.869 1295.424
7012.504 -1396.757 1156.235
4484.577 859.9102 767.3589
3409.188 -96.24783 1673.133
5719.147 365.609 491.6176
3721.173 -320.0425 307.9366
3670.433 267.5215 773.5876
11735.58 -817.0283 639.3328
3945.843 -415.7833 652.2455
8921.882 1203.018 832.7017
6338.815 -1799.822 1738.858
11270.54 1666.043 928.4604
2320.071 -116.2765 302.5332
11250.45 -411.2998 1176.63
5240.263 123.8192 1016.865
8011.384 -780.846 383.1475
4702.836 -151.7026 222.4299
4280.813 60.84905 351.1247
2766.416 -118.3773 440.3893
8712.224 -440.8177 890.8493
4265.28 -624.3669 1013.6
3883.861 -110.09 295.0301
9166.005 -761.434 226.4652
4834.966 -377.7232 663.4273
8229.3 829.1263 2578.955
11227.04 -1934.51 815.3733
11030.28 841.4863 784.1076
15069.71 1137.562 850.4825
49555.58 16254.94 6004.27
4474.318 -66.02593 404.8835
6726.797 773.8074 759.9462
7991.85 552.4844 374.2527
3724.318 -164.7958 512.3913
8538.278 126.4597 697.1143
6509.839 2426.459 1845.723
4336.557 -347.5383 799.4697
4049.987 -743.0991 473.6106
6851.534 394.6416 260.2132
5005.887 189.6536 679.7171
30559.77 -369.5887 1665.251
10427.48 -1869.07 666.9869
4751.918 107.5058 615.6386
3981.308 -253.8242 503.7712
14833.02 -2248.772 574.82
7586.723 -940.9073 292.9987
4716.34 907.6252 1465.725
8124.079 742.8022 331.8825
4583.491 -843.7401 561.4051
3362.492 230.9393 358.3822
4948.773 -35.69985 532.7957
4839.488 -506.5743 425.9029
7047.567 -149.7562 609.3933
9162.898 988.83 955.0396
4526.08 -64.8643 616.2729
6685.308 -299.4362 393.685
5099.808 1863.652 1721.731
6551.64 150.9117 773.87
4881.466 -6.624194 268.8633
5479.365 -1376.875 1750.099
7844.294 124.9816 1007.785
4883.458 334.7481 1001.022
2582.204 -31.99343 1792.378
10746.82 -208.1072 251.7447
9094.394 1302.486 1071.431
10724.02 -298.3724 172.5503
2447.544 -35.56628 259.5072
3767.276 604.2912 442.5152
3672.654 -122.8196 534.7205
3378.997 -174.5701 546.2078
15092.8 321.1148 223.6571
6703.967 1278.793 1000.046
10678.3 -495.5828 276.0765
7362.616 1285.467 740.6686
4401.991 -2.425443 171.3848
2697.559 -1110.137 1962.498
8615.278 78.06144 613.6567
3899.082 -87.10661 389.4385
6432.207 -48.9782 612.9368
4851.161 -492.022 425.998
7062.941 -103.8768 252.887
3278.279 599.5361 550.9605
5099.794 454.0417 282.191
11143.01 2993.129 1235.732
15079.79 228.4935 369.7247
2170.086 -147.1831 620.7468
22697.13 397.3053 504.8408
7359.31 991.7059 475.2462
5102.182 216.189 817.0077
1394.526 -329.9722 2531.89
20095.09 -8018.827 4020.073
3234.735 231.3343 3037.578
5987.416 -2219.347 1289.409
10385.89 -1014.981 646.9812
3836.253 -106.3372 703.044
18259.13 3982.005 1523.316
4393.857 1245.743 809.5279
3876.955 162.8938 433.4793
5443.134 61.79861 400.0009
4426.805 -100.178 316.4349
6128.098 -525.3554 431.2286
15175.28 -1774.454 1184.434
12349.64 317.9809 726.7263
5916.905 -106.7554 338.8014
3628.204 -558.5492 2232.623
2501.55 -420.9275 673.8512
13453.98 -805.8099 384.14
7677.909 625.1877 557.8409
5094.626 665.211 566.0448
2519.462 -469.3366 998.7735
4908.33 -63.07112 1034.671
3444.728 399.7707 500.7478
3183.896 -11.04273 670.8944
2271.244 -165.8374 459.469
12723.99 316.9853 502.6035
4841.384 1157.168 835.4307
6983.998 -1170.769 578.5556
6080.944 -761.9567 403.5389
22133.27 1314.251 223.4411
2373.707 -162.695 479.742
4253.286 -578.6651 681.2701
24937.73 1760.757 518.4475
4120.435 -257.3569 231.4105
8971.783 1739.844 2249.705
4674.968 -369.02 288.6832
4890.174 -1343.639 842.4425
3347.806 -307.144 566.9085
5125.457 -1443.088 844.6027
8816.864 -732.9469 629.6294
2070.979 474.9488 689.8824
12003.12 -1257.443 1171.948
6213.074 -325.6711 813.6528
5055.048 1253.096 728.5847
14076.06 1416.094 609.2609
13918.21 -1239.878 801.6709
10221.07 706.0925 371.3388
13414.48 884.6438 203.7075
4427.237 -241.5541 603.8717
9358.174 1065.05 411.6785
1893.251 -499.1285 1287.648
3155.233 220.6344 416.5659
3181.483 444.2405 587.3579
18986.96 -1936.524 580.489
6777.185 -46.191 234.6475
3326.987 444.6609 509.8683
1777.527 378.6017 401.5444
6113.491 -275.4179 574.6423
9592.128 164.9972 264.6952
33279.45 -1800.35 485.8851
4094.696 707.9759 453.5889
6579.158 -2441.135 2504.452
5272.688 70.03404 260.7559
4596.591 -55.53519 362.9632
5086.235 268.1388 1292.326
5117.727 18.89843 793.5397
2398.915 650.8451 733.2244
5603.679 -171.994 537.3823
4987.269 -844.1829 595.003
3825.242 -574.166 1095.256
4766.366 -275.0223 310.3755
3986.728 -56.73985 298.6452
5325.432 276.1835 297.5154
2467.544 -5.342991 260.0741
17972.48 -252.9497 144.9523
8585.075 780.6593 546.715
5315.643 62.30245 513.4747
13208.93 -2507.867 1160.035
18190.4 5319.844 2567.242
6937.525 529.3949 715.8599
7256.983 20.49479 130.5678
2496.372 186.4105 452.6377
6454.943 -718.4376 505.7574
6427.944 -1606.701 689.2082
3491.744 -216.2954 747.2627
21976.62 4118.237 2381.257
4563.694 238.4237 833.4265
6889.965 801.1197 810.2316
3951.006 -245.6797 510.4078
1860.841 -337.193 305.9373
10006.19 -1974.324 928.3075
9810.784 1563.795 738.2039
8004.848 1475.612 892.1302
19851.16 1183.415 644.9453
4807.7 646.9219 364.0791
3063.051 40.62541 331.9141
4231.187 -701.5799 430.8871
23889.24 -9879.366 4534.367
3186.916 -1766.557 8259.951
7580.304 1229.747 750.5132
8808.662 2127.097 1405.559
3676.198 1029.172 801.5908
2313.517 162.8514 404.0757
2614.749 -1442.011 2588.939
5164.998 -778.3028 277.9551
4125.775 -902.7601 1415.679
8022.41 1067.453 703.919
11565.61 4056.216 2279.905
4112.213 -533.2142 646.5727
2268.4 -14.73514 888.6349
7675.222 514.1919 304.5803
3631.958 206.4558 541.6911
5653.39 -1077.673 694.8713
5400.576 771.5501 550.2397
2468.822 426.8644 661.4467
4885.883 440.4535 606.4732
3810.346 -707.7658 711.0486
4984.084 774.0993 1597.102
17316.03 -780.4323 364.4299
2204.016 -475.1375 482.5151
5581.148 -464.0878 801.0677
4689.86 -342.7137 754.7506
14123.26 -953.0695 652.3499
2798.955 131.2859 573.1618
4669.95 -185.1365 1197.437
1929.772 -259.9905 663.3875
18722.27 440.0894 621.3975
2504.825 -313.1721 351.5399
16005.75 874.9272 473.132
9541.338 514.8208 594.2877
10041.83 754.036 334.1482
5524.52 83.56648 610.6866
7109.019 896.0663 539.9501
34144.5 2711.246 1011.729
4620.199 419.5816 552.0345
3143.105 -21.2804 321.093
16018.21 264.4288 462.0397
4256.429 2039.129 2032.934
10296.08 1173.481 1419.825
9637.578 -202.0487 226.3546
3815.243 -903.2066 485.5388
4124.821 -748.2602 886.5625
7709.959 258.8005 415.7253
2512.936 -158.846 162.607
5544.67 -560.1908 568.8531
5065.073 -864.5552 676.7722
6433.645 837.186 287.2301
13063.02 2590.272 1347.071
7223.629 -614.3461 290.3078
6921.705 -18.46055 350.8239
8901.443 1321.865 409.9719
9803.266 396.1711 347.117
3472.207 201.8928 545.4113
6369.669 1008.993 485.4254
5314.162 14.38452 489.6588
4329.225 -496.3116 635.7718
12934.96 -173.7772 1174.037
5527.724 546.4086 382.8747
15054.03 -1542.712 837.4211
7721.925 121.4948 247.8481
19937.78 -1019.048 667.785
4501.596 -350.6105 156.6421
10678.89 37.10779 198.744
6256.023 229.3217 435.8068
8444.075 -247.1969 992.13
50979.89 -10341.83 3991.782
7079.988 262.1872 383.5487
10093.89 -1248.708 839.5821
3552.439 -692.9194 351.5496
12147.21 141.3345 275.5692
58379.67 4804.881 1333.689
4798.31 -177.0083 284.7561
15670.44 -1975.6 768.7458
4362.102 722.0156 919.3074
7739.107 -230.2427 464.878
18638.23 -1984.782 542.3136
3259.958 -971.7842 787.5422
6271.369 -1725.225 785.3701
5109.197 -1489.226 1204.997
17026.77 -1067.768 217.9158
4553.321 -111.1555 606.2266
6814.58 -831.6912 460.4957
6753.06 -546.6296 370.7048
12382.13 475.4705 392.1879
20798.59 1377.056 785.2569
5872.267 774.1599 784.1337
4214.119 -335.0563 445.5502
11062.15 984.0443 1165.952
5602.323 267.1563 252.8661
21843.2 -2539.661 1645.667
15118.78 -732.3873 260.1501
4093.823 391.5525 214.921
8110.759 452.6917 489.9613
6043.925 489.4466 375.6506
3930.186 -671.906 507.9038
8150.382 -484.5618 1530.993
19521.93 444.3412 263.8181
6356.467 234.8284 451.7461
10481.11 192.5319 386.3682
16789.02 81.71976 1105.668
10577.11 71.34256 721.536
4118.597 -507.34 311.5664
7198.363 957.4162 627.8246
3152.926 -379.204 272.9809
3305.163 2.358219 247.4803
6490.826 1225.011 853.6792
5189.33 -378.7917 443.5194
2420.83 -431.7663 700.5106
4968.94 -150.729 383.9273
4432.863 768.5176 798.2615
5626.137 -930.943 873.3457
5574.923 -490.1049 459.1195
7616.896 -478.5806 375.9319
5202.001 -475.1739 495.0203
7736.55 1272.62 740.4454
23178.96 -4700.413 1398.603
5568.339 580.1994 1128.064
16857.08 -3851.071 1512.574
3481.937 -69.46695 226.0117
9777.884 -1306.035 1199.697
2751.388 47.1505 586.4824
7600.775 -374.1603 186.6193
8704.789 -438.9805 244.0297
2900.904 -42.13613 294.6846
3844.486 218.1711 908.9118
4009.957 -269.6094 706.7346
13767.39 -1428.831 548.6175
17239.57 155.511 454.4566
7781.091 1215.144 756.374
5478.46 -1222.552 1819.319
17722.99 -1812.196 1287.974
10796.89 -535.6568 964.1478
26961.12 -2833.241 473.0894
6809.64 -588.257 618.0139
16949.02 -556.8166 457.811
5676.739 -8.744399 515.1965
4420.426 -81.62169 306.886
7279.384 -526.4684 386.5811
6414.033 892.9689 1354.074
9245.406 456.5195 434.9206
7298.85 -1315.885 721.3768
2841.15 -224.0142 772.6318
5964.416 91.2082 330.2951
4610.705 436.449 546.4944
5444.387 106.9549 300.2728
9552.552 -369.7152 411.0408
6100.638 129.7268 297.9827
3424.136 -115.9852 165.6897
7427.614 -331.7871 253.987
7481.595 -1011.723 508.8858
2941.009 -11.36991 307.8617
14166.74 3039.779 976.9034
1657.454 -277.9277 502.2016
5603.533 -77.03626 1161.719
3248.945 244.2436 2404.509
4591.276 -49.50879 301.012
6157.224 226.5467 1747.456
8083.301 -1054.239 723.9443
4415.673 418.9063 266.2644
9673.248 -479.1396 252.2692
4344.143 616.4468 504.5396
3316.997 149.5939 212.8767
4924.215 819.1773 500.5094
7034.66 152.8087 594.1827
6660.423 -364.5828 268.3206
2795.16 2.993505 549.7616
9391.322 929.3943 1177.159
4538.851 -586.6871 863.3459
4687.242 -814.4316 519.9879
8870.479 1187.41 623.581
11450.71 -2082.824 874.3998
4378.406 -40.8182 379.3872
5642.925 -338.8258 896.6412
3304.39 149.329 293.6526
7624.288 -996.7224 750.7822
2863.415 -381.5241 3909.595
6052.339 2097.712 4474.874
10538.91 1067.887 367.665
4463.363 63.58938 484.3425
14951 -1245.035 1430.493
17348.25 -1232.942 445.2234
21891 -754.0493 356.3329
5752.461 -717.2253 1201.47
18121.05 -507.2331 186.2898
7281.078 486.9145 872.1966
9493.041 1006.87 396.2336
3272.443 -201.189 419.1281
12153.44 227.8589 458.2062
4869.646 724.7388 730.925
4616.534 329.3939 453.476
9370.723 -2072.279 960.0953
3257.548 -181.8679 515.5035
4614.152 199.7168 377.6258
5367.77 -43.43444 334.9253
7641.105 -30.66739 1184.317
6611.782 1002.032 893.6092
3119.151 -607.127 832.3636
5024.271 787.0218 655.3913
7583.054 578.4082 590.0234
26713.75 1918.528 400.8395
6030.678 105.8877 250.8317
7388.389 1426.923 897.3061
23595.46 283.7204 423.2425
23059.61 -329.7411 222.9514
5021.894 -1049.6 1363.651
4914.482 489.0917 456.6991
11159.52 993.9107 613.5579
8300.181 365.9422 450.3663
4717.426 -894.2483 576.4093
10000.05 -1014.875 1108.767
10232 -1645.269 567.6547
25256.94 -1294.809 741.232
13465.19 181.244 399.3984
7230.127 -641.3388 704.7113
6807.194 1225.693 759.7034
3532.3 281.5219 290.7968
2256.696 1043.133 2334.319
