378.9176 -29.79704 56.05603
314.6313 -23.51307 37.21139
488.5095 -79.02431 44.48967
403.6217 -3.37563 32.16673
480.0783 -50.15579 39.8196
425.9199 42.62506 50.22931
570.4586 -5.792843 47.66912
391.882 -50.41956 62.89792
297.1825 23.00281 40.99011
245.5464 -25.68431 31.76302
341.121 -4.886411 27.65238
432.1658 -16.91197 31.05672
422.283 -35.68326 81.52065
398.4131 -14.66194 28.41292
442.5322 -0.04755616 38.84404
391.7024 -15.671 28.96874
321.6793 -9.858273 34.12299
417.2084 -34.44885 32.26867
443.6724 26.8817 59.49593
408.8986 -40.944 83.74482
393.4481 29.92626 41.62918
646.7208 2.691256 27.28858
335.7212 30.22562 54.59789
328.0629 -39.89906 40.85344
472.2756 -13.26598 29.56133
399.0853 -25.75827 31.74001
299.9567 -7.453443 22.7425
286.1446 -14.60662 26.14462
506.3544 -7.825633 44.73331
314.0709 -19.20487 33.54261
582.7534 -105.5676 65.39474
329.0788 -2.305167 78.6721
245.7539 -12.51032 32.24536
429.501 -1.920993 36.04302
490.319 -44.89977 34.10971
378.1916 17.24808 38.11979
348.8808 -38.04688 37.55175
286.9668 -23.90563 24.02419
461.634 -9.478351 35.73356
286.4977 -10.10792 41.6561
343.9215 -37.25018 48.01282
484.7745 -13.27058 35.51447
522.1197 -14.48483 26.76776
391.0818 20.99611 45.10629
412.6661 -5.999315 32.77493
287.5502 22.22442 39.96115
371.3234 20.51358 40.65824
405.4169 -54.64286 67.67798
504.3728 -7.199555 28.13727
336.6542 -37.56433 52.0409
375.8659 17.48173 54.39021
215.711 0.9167827 29.7015
397.7566 -63.24218 44.67475
294.024 4.053574 26.03802
452.3469 -31.09557 36.08089
360.1755 -19.85374 43.50788
570.6721 43.97563 64.56821
558.9589 -8.643371 59.6147
679.5021 -30.53711 52.21529
251.8318 -32.61361 41.25611
315.674 -12.56011 72.92218
205.6996 1.76896 38.89602
433.8472 15.01596 66.52196
356.8405 -26.2196 26.45903
444.0281 -19.36526 41.4411
341.5343 -55.00115 41.95817
590.3919 49.79918 31.75466
329.4839 -1.636346 32.97389
345.1204 -39.76106 40.50877
258.3505 2.457957 29.58265
317.5304 20.3031 35.49177
373.1726 19.4673 34.88337
420.4116 -10.16866 21.49342
334.063 2.398491 34.80877
301.4533 9.135562 38.60345
387.2083 -18.86618 76.59693
370.3425 -10.12869 79.30721
424.6302 -37.90193 22.85375
606.0047 -46.4694 51.38259
381.573 5.12637 61.64604
195.6448 -30.77282 34.39131
515.5436 -48.73858 44.49469
508.0089 6.200525 33.88622
571.8336 -35.23047 66.42095
304.9911 0.001614069 18.75762
409.0258 -63.46811 46.67828
423.75 -8.909689 58.17624
300.172 -18.03628 28.43879
352.0289 -4.572207 51.80601
285.4176 17.77579 37.18884
271.2374 -56.86245 38.97203
267.302 -15.86721 38.02235
493.0695 -6.22632 58.92627
480.2354 24.02906 28.30929
397.4186 -10.74649 54.47539
463.7061 26.97791 32.21792
554.777 -20.86773 26.29385
319.0328 23.44893 53.78193
338.3421 -14.38197 44.88538
259.0498 -20.53095 51.59378
340.6546 6.328462 89.0394
764.6633 -11.95308 44.78902
433.3746 -25.42653 38.15794
590.7098 32.12987 35.29428
294.0288 -36.60091 30.82717
236.9275 7.434804 32.35692
208.7515 0.8061877 31.41288
510.859 10.98831 34.7882
323.8714 -68.37094 70.78495
443.5061 1.606093 27.93287
319.7429 -5.94848 28.22117
378.71 -45.53736 43.84911
428.496 26.53725 39.36053
400.2476 5.554453 28.94446
342.8625 -32.67206 42.82947
222.6684 -48.4143 49.85298
509.7576 -77.56817 43.58589
370.849 -3.716922 30.32193
473.9808 8.585449 27.39287
387.7365 -4.252881 45.89963
405.0791 -14.33351 49.68372
340.9702 5.469086 21.08132
469.4153 29.72456 45.51533
493.4608 21.95029 30.50933
403.56 22.93842 30.8344
405.6974 -19.65803 46.74527
527.2645 -29.91303 24.68176
289.7637 -37.48446 42.72101
374.5337 -9.903935 41.9961
410.0748 -45.41028 47.167
409.0995 -41.82107 42.38683
287.6062 -19.28023 29.5816
320.2417 -13.45497 25.91382
493.2188 3.321112 44.9162
474.5882 -14.61048 32.5454
445.457 -16.97281 25.28493
385.8419 -4.830208 25.26921
278.0829 -47.03083 63.57267
449.2817 -32.54906 28.37688
243.8984 -10.16625 63.56876
293.6776 -26.12003 60.66589
468.4735 -48.03716 32.85052
337.495 -12.82694 60.84947
572.3376 -41.77811 30.52762
396.3102 12.64255 28.17113
395.8581 -14.69381 25.48932
425.1404 41.70208 61.19699
304.2607 10.50508 52.71072
334.0823 -27.06555 39.18678
296.0028 0.3708615 46.73815
356.4688 5.697245 40.27096
423.9821 -35.46156 43.72053
503.744 -99.00574 56.69586
395.7651 -20.05613 29.03021
407.4651 -27.61623 43.1226
367.6813 -28.92516 59.24598
554.8394 -25.23807 27.80967
435.5243 -40.97284 29.14214
286.8148 -19.30069 44.41258
228.6165 -33.90763 61.87435
508.5424 -12.44783 63.39739
298.9833 -21.99734 35.45942
560.7198 -52.69665 48.07746
364.6324 -49.51308 53.84447
554.8295 12.35962 38.70704
387.7662 -18.22732 46.04726
372.3156 -44.28075 33.78641
365.6802 -12.01168 39.06868
573.4703 -77.42322 68.5952
469.8883 -39.83228 37.7465
558.7309 -11.03384 64.34549
470.4801 -2.00149 31.83688
377.7907 -28.97987 37.35442
514.5371 -20.82251 36.48957
413.683 1.388545 58.11653
470.316 -39.1746 33.73341
646.1168 -33.21824 35.50911
466.137 -20.0026 40.62982
402.1176 -47.43543 32.08707
286.4791 -9.633605 18.15614
835.3227 -8.891138 32.516
690.9372 -43.61696 34.74778
468.4549 -50.18019 29.62449
359.7442 -5.957983 38.14882
495.1617 -47.80222 40.60477
459.6692 -18.35567 60.2467
771.7296 -29.08785 27.1647
608.7433 -47.09133 44.74123
448.5813 -0.6861954 72.02336
509.2824 -30.50306 42.50006
546.4141 -9.730866 25.75615
455.2445 25.71876 58.61046
331.6226 16.1293 37.84597
264.9148 -33.75033 64.23899
498.5182 -56.90438 48.87085
340.408 -20.94022 31.29706
362.0171 -26.85379 31.58312
700.223 -105.2103 70.45653
341.4345 -38.59483 36.47344
215.6542 -12.27784 46.9094
437.1678 69.15821 46.35238
405.6145 -7.392028 43.24957
509.9649 -9.398238 37.49787
472.8293 -51.56477 36.76805
699.5426 14.77466 28.24962
550.4322 -33.16854 59.74635
286.4175 -26.70561 46.40177
470.1603 -23.01708 22.05758
338.9927 -20.82554 25.18231
334.1243 -26.96001 52.17231
354.25 34.30848 49.75896
437.0642 -66.64142 42.41084
301.1684 -8.897101 26.03307
343.3256 -6.127087 23.83005
305.479 -32.0584 39.0721
620.3351 -32.90959 41.18728
527.9818 49.79734 29.80759
332.3646 -3.519927 33.45956
371.6981 11.41666 25.48927
789.0151 -90.55694 78.70806
425.2907 0.4465114 90.06211
401.174 -0.7285047 24.18017
503.3345 56.71711 53.41564
422.1577 1.544397 31.45527
482.371 50.53437 62.58295
362.4769 -17.94319 53.56935
362.5724 18.27212 34.10578
343.7498 -34.63976 59.14036
395.2103 -14.90473 48.6191
373.0501 -1.615259 38.86495
750.568 -14.40355 71.59714
702.4766 -43.93566 29.26811
309.3128 -23.18818 44.91097
386.7739 -8.957681 21.71972
463.3126 17.11803 48.55078
305.2239 -15.90361 43.24118
451.8664 -83.86311 50.01058
431.6897 -13.99189 71.19503
285.4113 -31.08259 40.67806
536.8589 -51.16292 40.26959
430.6883 -42.5811 37.20592
412.5007 -30.80168 27.51142
335.6791 36.56701 51.50154
286.2741 29.81955 52.51914
584.8161 63.05184 35.4221
416.1571 -16.43823 30.64715
450.3197 -8.484021 41.70715
241.3325 11.08347 25.50252
369.4329 11.17313 33.84063
340.949 34.61793 55.90232
290.9724 -5.354866 35.34056
369.3245 3.82364 62.5059
230.2649 16.9961 51.71736
308.3882 -4.759955 47.7265
561.556 -19.75295 54.73712
779.7836 39.24908 29.50181
504.5657 -23.23446 39.67629
282.5224 2.255529 39.05148
378.2463 14.02254 36.49446
313.9054 -23.44017 33.07431
397.7712 -60.53501 41.64903
710.998 38.9173 30.81467
382.328 2.198299 39.0658
301.2264 4.976237 44.62638
445.2157 13.41 23.70846
270.1615 -28.66772 33.71102
226.6812 -12.54701 26.52907
346.8021 13.37487 26.40998
414.6846 -9.681797 28.57114
271.6513 -19.469 43.67953
550.1267 21.30975 40.70568
271.2973 0.5883853 37.90389
420.026 -7.012204 28.6819
615.7812 2.217672 40.24634
429.5471 29.11604 31.62416
736.2193 -10.68838 28.45124
316.3406 -29.12703 27.09187
331.8112 -1.042887 31.26955
580.7309 10.17033 30.78209
376.9753 -33.50124 39.39785
408.9156 -32.08803 29.9939
351.7501 -1.934897 42.83261
355.2518 -33.52794 69.0876
271.9853 -28.20627 34.54348
497.8393 -31.92731 52.79057
538.0014 28.34474 38.50391
344.1657 -17.1437 48.63671
216.3196 7.505275 41.81968
313.7663 -2.403728 32.0544
500.6058 -32.25389 46.37604
430.1322 26.65715 31.18221
621.4169 -89.16562 56.61324
524.4923 -46.30728 28.92873
510.2497 -49.82019 37.50962
315.159 11.73493 33.95096
644.9242 0.9259348 26.68483
717.0987 -7.653383 39.31878
253.9193 14.62412 54.19979
307.8951 -16.65525 26.85438
439.7261 -28.50443 45.62951
276.1738 -48.08987 78.81152
461.3827 -46.38617 41.50538
259.5585 -24.9054 25.52698
344.3416 -14.43419 27.89134
290.7835 -11.82967 44.34814
515.9595 -40.57804 40.0894
514.1013 5.685823 40.38885
251.3991 -8.783806 45.67969
351.069 -27.59031 53.11584
350.2847 -39.42461 37.6587
333.7653 -46.86294 56.10585
370.7278 6.231047 32.60131
298.5228 -41.79233 27.93052
278.4848 -4.897103 59.08723
338.7498 33.50718 41.78088
478.8718 -40.38264 44.12158
356.7118 -14.26048 23.74246
728.8874 -48.06219 45.95408
517.3925 -22.63463 51.75406
629.741 -33.56254 47.36747
281.169 -26.19444 47.13747
569.1243 -45.90727 43.17247
448.1496 -7.212716 39.45121
273.5279 34.33824 31.40785
779.817 33.26248 38.29661
449.455 -8.237494 32.91895
704.942 16.32185 34.12009
374.4816 -41.88974 48.02382
375.9443 -5.138974 29.54647
317.7141 -15.72485 37.97378
748.741 -3.989595 37.77959
530.2354 -20.11318 49.17369
422.4757 -15.85367 39.30212
617.8087 -61.94382 49.31384
347.7527 -31.69361 55.62012
322.8607 -33.51001 44.5275
450.8394 2.846329 38.06921
785.4476 -58.85713 39.20296
322.031 -7.077172 39.93991
405.4183 -15.77808 41.9262
274.0022 7.344158 29.39359
322.2567 -19.53408 19.19081
409.4227 -64.73935 69.0968
377.6283 -57.52663 41.71679
278.6629 -35.60418 64.26739
255.8812 -4.620328 31.38163
330.1893 -33.90384 28.58291
611.9627 -50.0618 50.7301
489.553 -13.37115 27.19686
330.6452 -48.84155 57.85619
203.7051 -12.3984 33.64661
423.065 7.356751 28.9872
205.1763 -22.50227 39.55715
581.6635 -31.20124 36.98445
319.1711 -11.52765 33.55959
359.556 -15.37733 59.7182
322.5759 3.280512 37.44705
435.205 -73.64017 63.28756
290.6957 6.814281 28.34473
296.8672 -30.85643 41.52428
509.0699 -3.783825 38.02958
580.4691 -84.17362 35.15596
334.2942 -25.20026 42.18038
317.42 13.00047 36.36098
247.769 16.92139 26.45224
351.7057 2.955245 34.75126
371.4522 -76.09303 53.05736
234.2182 -23.98326 42.31994
324.8528 -23.76303 35.67515
497.0197 46.20506 39.32463
268.1957 -20.0589 37.89912
335.3521 -19.86198 60.89923
641.2377 13.11901 60.53692
498.4668 -91.95937 66.00656
318.1428 -5.421922 62.52509
527.8437 43.23044 62.58618
403.4576 -11.85535 42.9101
355.7107 10.22707 24.46356
343.3437 7.159956 59.49148
404.1702 -23.24331 50.44515
287.3904 4.701627 55.45549
333.157 -9.486721 34.96063
344.9774 -9.605876 39.96189
294.2204 -31.57093 36.47294
425.2806 -12.21138 60.03891
569.2869 -112.1186 71.67005
416.5332 -20.63942 53.38951
405.9533 24.87152 61.13931
324.7257 8.593942 54.62455
398.433 19.32768 47.69399
451.9272 -3.4082 38.05993
292.558 -8.877851 38.1562
432.5428 10.13469 49.45745
899.9556 -44.49307 45.32692
414.7716 9.728649 38.93094
363.9989 -40.0808 55.84469
403.5772 -61.5889 36.43851
373.9357 3.495233 31.37212
359.2257 -33.82006 36.86575
359.4117 4.911154 27.58528
338.2928 -38.50366 45.98566
278.3303 -33.9676 35.61801
473.2204 -20.29666 25.06023
282.084 -11.02367 26.45029
364.1006 -20.06363 35.17125
850.7644 -25.15369 38.98478
496.5674 16.07333 69.2954
431.1071 -6.890154 45.17221
577.6801 -20.78473 41.22447
266.7964 21.36883 36.98554
455.3586 23.09014 30.53956
350.7137 2.871372 39.13729
289.0739 -31.61332 41.18066
424.6154 19.84447 40.89188
454.1747 -3.335615 29.62136
267.8826 -21.51238 32.09877
462.6652 -13.61357 37.05108
395.7532 -35.93595 55.13985
527.3645 45.80162 66.34489
258.4462 0.350314 59.18442
456.436 -20.85656 36.48736
464.5482 28.57079 42.82262
403.0364 -28.52479 36.11848
392.6397 8.515153 34.1635
515.8276 -8.547301 26.40038
417.8905 1.810925 22.68536
645.1086 -54.38514 27.0041
471.9791 -7.900511 42.65197
326.7031 -11.76948 31.44144
397.0382 -6.063078 33.06241
335.2463 -5.027487 51.0061
295.7241 -7.010813 23.02348
487.6983 -20.298 30.42801
200.0403 -0.5747047 32.97223
366.2387 -32.08244 35.27028
456.2297 29.288 54.56255
558.7606 3.338621 58.93802
433.3359 -15.79599 27.60511
511.6454 -41.10532 53.52272
462.172 -105.8718 55.0767
343.7882 -14.49662 36.57433
264.1237 -25.94483 43.31276
413.3919 -40.22857 20.41524
326.1272 -9.716978 37.01192
214.9257 -29.4765 34.54001
339.8864 -14.88425 55.87587
298.8217 -52.40173 49.7736
287.3319 -31.98046 38.46792
243.2623 -3.309554 51.81073
307.0284 -3.747614 44.48549
400.276 -12.05381 42.6134
420.8459 -53.27748 50.93974
344.3168 -5.840075 24.13878
511.1637 64.10034 73.80104
341.364 -2.791628 32.40709
441.6669 10.84583 33.09982
410.3033 -10.86526 45.46441
223.4922 -14.13199 26.69636
341.5389 -2.82385 29.35934
396.3302 -27.2196 34.44783
471.2674 5.79951 37.88074
326.3889 -17.24414 29.45789
334.6799 -27.92662 32.74084
284.8574 4.200006 28.46675
254.3512 17.43827 48.7688
419.2216 -24.17876 27.38433
349.7973 -58.84373 41.47717
303.0407 -19.00623 47.34991
593.563 -40.27907 41.48386
346.475 1.225093 36.94407
477.8041 -48.01876 26.04401
518.5808 21.04846 33.74603
437.3548 -56.05936 46.40707
341.9365 12.69472 38.59003
476.1163 -38.26659 42.43962
405.1297 -24.079 32.32519
901.0893 -56.82756 34.12941
545.63 -26.82739 35.43121
462.9828 -36.08552 50.03751
255.2201 -43.40897 37.06099
294.6844 -15.83894 33.67564
486.8259 -29.15416 38.96651
343.8143 -44.16987 46.92921
299.1773 40.25608 40.15061
467.9905 -23.70257 39.11014
346.0973 -60.0491 60.87037
491.834 -51.52323 41.15935
529.7546 -2.287735 42.31508
218.4685 -19.06153 43.50642
543.153 -25.66273 46.95076
394.273 -46.29324 49.3617
531.8373 -5.351882 19.00519
461.114 -11.97423 47.0779
321.6889 -26.92636 35.79019
474.851 -33.7646 33.15337
423.4081 -33.28491 51.61251
369.0344 19.06752 40.22661
335.7559 -1.252058 28.75348
396.6156 7.387384 53.73322
380.1474 12.80377 28.99314
