2786.743 -289.2936 561.4364
4613.49 958.8184 1501.617
8662.785 -1085.898 660.9899
2384.19 -186.1488 399.6
1965.459 -29.62523 1356.554
9557.839 -254.96 423.4269
23456.4 -5775.203 1864.172
9640.685 -1057.46 620.4402
3577.324 950.5714 738.7979
12008.49 1001.305 454.2509
9878.47 -1851.419 1014.882
2586.64 -407.7779 554.8532
9671.964 -1861.005 596.0273
31367.22 -7375.441 2253.15
10903.04 861.7026 356.3616
9162.726 -893.5347 783.5161
4232.587 -53.77129 1377.618
2471.862 -219.8858 359.9263
7472.377 914.9266 526.6371
2704.121 157.1194 294.8203
19352.45 -3239.052 930.5149
4670.718 -192.3706 415.8468
3198.264 -175.1004 255.8811
11287.34 -1988.645 744.806
17261.57 -3525.705 1314.98
6159.456 -419.057 306.1287
3356.744 -458.6427 574.3571
8366.424 920.5638 838.7546
7700.669 -2441.763 1424.75
10091.35 -598.5765 400.375
9558.027 865.2752 778.5254
5710.271 1582.438 1328.168
1591.295 -137.9824 359.645
6051.939 -705.6708 411.6983
7004.02 1354.768 1774.139
6670.434 998.2266 592.6154
6401.056 107.1409 353.6236
5584.962 -911.1222 439.6668
6414.497 -689.6002 355.3787
13632.89 -2497.903 1362.594
2706.813 125.2271 246.3785
4121.303 -781.0595 462.9469
3952.338 394.8508 1200.7
5342.532 -92.38123 468.5543
7491.378 -2091.29 962.8969
12671.35 -295.8057 342.57
6920.414 1178.862 1090.34
1803.888 212.4123 494.3425
5012.679 53.99205 391.5136
8849.326 -1862.736 1431.596
7952.667 -1454.175 638.7935
4731.405 -765.6209 637.6142
4447.202 -345.6896 669.9164
8885.275 -1289.562 565.7107
8334.574 -218.0773 422.8051
10228.57 -829.1715 242.8672
11371.42 -1012.412 346.8028
4328.47 -756.6398 540.4939
3108.884 133.294 376.4306
7935.321 -980.4475 965.4711
6983.149 1106.102 3582.98
7682.029 1048.332 555.1985
8130.896 -1481.634 1251.382
5463.51 -1050.65 939.3353
4907.775 -220.4499 662.9832
7426.699 -1132.292 439.0139
4015.052 -1170.317 823.9968
5744.324 -257.8277 290.8402
7955.594 -2330.307 1156.273
7908.986 1071.495 403.4718
6285.698 -965.9827 835.086
5262.923 721.3513 484.0891
15542.75 -2426.802 1357.738
5296.269 286.5427 346.2083
5075.585 -248.7828 481.4545
7492.126 -162.6285 455.5917
12411.69 -113.7876 321.9577
11731.67 134.5157 267.0408
3092.227 -267.1757 321.1264
6946.843 -17.07808 149.8069
1875.692 -258.8267 622.2277
8748.565 1271.057 493.6269
3953.402 121.1379 221.7185
16660.48 -899.189 578.2045
8505.923 -1329.338 405.4966
4503.057 -417.4158 451.8867
10411.64 -509.7929 555.5143
14447.87 2437.942 872.6471
4472.171 1020.857 744.7894
7939.591 403.3537 478.3087
4017.619 -765.0462 608.4728
7882.071 -423.4252 471.4188
4904.063 -75.17602 379.0629
4453.808 -633.6936 421.4563
3039.324 -730.3655 989.4437
2393.717 -243.4562 333.9374
14345.79 -2591.796 745.2091
3009.281 -871.7857 548.7843
3790.728 438.0689 1929.085
3324.989 96.4375 292.8556
2284.504 -254.6771 320.9044
3346.532 -1028.253 1675.532
5617.655 140.1581 482.9683
8665.506 -4081.511 2270.55
5149.406 -600.1776 331.7737
3943.787 763.8235 544.0574
4016.404 -373.1603 645.4983
31243.18 -8969.55 3261.94
16372.6 -2391.368 711.75
4815.639 439.2697 1346.591
6587.822 930.7088 880.6417
6212.704 -762.4982 743.9613
5184.806 1908.433 2109.061
20853.03 -437.5034 150.4497
4482.599 319.1765 554.4517
5263.875 -544.779 440.9448
4057.344 -286.3517 552.8077
3700.775 -593.5638 456.7722
2985.545 310.482 230.7703
3806.424 298.1458 1569.823
5402.208 -102.4668 583.6212
27343.1 277.6508 383.5646
14718.11 -3594.709 2894.611
7562.872 -104.8874 163.143
1722.527 93.2393 464.328
9139.799 -672.6341 443.8543
4384.272 815.5219 789.6757
2763.623 515.845 546.5766
3198.003 -301.3024 203.241
8455.71 333.9584 283.4192
2962.389 -197.2689 278.7583
3531.813 -911.3233 925.4206
3038.716 -43.52108 466.9658
9378.94 93.73298 318.3442
8065.371 -137.7563 481.1777
8969.127 -1027.494 393.9697
2559.969 230.8803 564.8966
9506.247 -4458.468 2567.651
3088.999 -860.3578 1088.934
12655.3 -313.1176 204.8119
7212.261 -978.5151 375.23
6391.957 -2315.002 2385.352
3093.899 248.1955 220.1655
6169.976 -782.0827 308.8964
3000.749 -235.4369 686.7063
4657.117 -397.5792 154.2109
2392.954 175.04 214.7173
5808.144 1258.763 4674.461
3145.246 67.2232 541.6618
8585.618 -947.0976 842.519
5671.687 428.7341 792.0453
4375.591 -1132.495 697.8832
10532.07 -2864.281 1932.856
10058.84 -1228.832 622.1983
6529.296 -212.332 1205.632
4493.22 -440.0349 866.5014
4554.48 -610.7043 510.1687
10501.64 -1440.171 454.0393
3748.068 -418.7016 374.7477
3982.241 -1008.368 1323.431
4221.222 -50.18464 197.6145
5630.844 448.9033 392.5586
9400.497 164.3686 329.0029
3764.057 168.1199 290.7726
9344.42 -5463.522 5718.198
8610.255 -266.8734 166.8597
2429.088 -179.1057 457.6037
2726.858 383.105 1503.853
11161.85 -290.7198 204.6461
3859.654 -74.67573 223.0364
21663.99 -383.2212 416.2076
4453.505 -372.0297 647.5028
10108.88 -1803.824 1340.307
3404.872 -212.0854 342.5364
19320.51 -1292.469 266.903
15230.65 -3979.03 1480.604
2406.008 92.29413 1236.831
2710.843 -62.58125 493.8324
3603.928 -856.8476 550.3596
7864.519 982.1757 1238.291
8110.044 -998.2798 689.9387
7411.056 290.0346 291.8332
18758.07 -8444.669 4482.346
17005.41 -3974.158 1272.441
13300.6 -1561.729 416.299
13869.6 -1328.362 734.2266
4523.768 -1233.06 1180.092
6188.755 -1152.991 420.5021
3899.132 -1598 2481.823
10564.01 -1757.634 947.534
13598.33 -2518.133 1383.185
5109.418 -1429.444 1134.177
18869.73 -8782.13 5541.056
10239.44 -3150.427 1383.302
12706.78 -1650.696 937.7235
16147.05 -3637.089 1199.073
4741.993 -306.1339 835.6968
9040.029 -2334.995 720.3917
8823.451 -2400.955 2304.78
4791.749 -1133.022 953.2287
8896.211 -936.6846 571.3202
8463.536 -595.3442 478.9262
7410.131 -536.2877 1174.744
6192.43 96.36269 490.8311
4411.721 726.6765 434.5637
8805.08 -1321.262 640.056
9845.057 767.8371 810.508
9317.688 -1720.266 702.2398
3902.897 -2519.471 10231.66
5960.165 -362.0768 565.0686
16353 598.3057 631.9181
6597.002 -2127.022 1599.831
9500.722 -1971.141 1432.586
7624.891 -285.842 309.1411
10186 -1880.089 708.0515
10465.76 407.2764 487.2167
4575.838 -313.224 383.7643
4908.088 -1276.582 1464.306
15154.59 -3335.349 1108.216
11151.07 -590.4118 491.7499
2293.159 152.6606 405.8882
5986.849 -928.4848 1066.525
4438.86 -482.9086 531.7818
5017.131 -806.1854 843.0385
1830.25 -221.9906 308.6386
16512.95 -4210.124 1768.402
11948.87 -913.0984 330.4834
6541.939 -1212.735 648.896
28049.88 -4043.385 1077.991
19641.98 -3820.589 1117.477
3550.245 -165.5376 370.3665
27534.89 -4725.4 1370.105
7161.83 -1143.218 1359.053
5042.226 273.1928 545.0176
7119.9 -484.0258 274.3745
8786.437 -1405.923 724.3103
8385.913 -932.0534 606.1199
31237.86 -8105.521 2953.915
11946.24 -1062.95 590.2062
8406.981 -861.9706 562.977
10886.51 -1574.05 634.1028
33690.47 -8048.856 2761.432
47920.59 -11654.7 3178.161
6638.29 -562.2346 623.6227
4416.773 -115.4661 652.4866
19303.24 216.6609 351.9059
10641.71 -442.6249 412.5754
12159.82 -1501.343 570.5482
10741.94 -48.05666 491.0316
14400.28 -1064.808 510.2499
13064.17 -2482.116 959.1387
13798.75 -2103.035 638.8913
17202.34 -4607.609 2061.243
10907.65 -2134.127 978.8777
4016.098 -923.9405 981.9086
13697.86 -880.5828 1184.223
11124.5 -4152.654 6001.733
12607.23 -3286.631 1487.703
23213.13 -7607.233 3708.59
9569.717 -1222.703 642.9247
21478.5 -7126.44 2619.119
14260.01 -987.5414 313.8216
2999.148 -241.6536 460.3066
1580.4 -45.18898 582.2007
4142.522 -436.7599 556.5722
9699.591 -1380.97 339.8913
5009.381 -1149.038 789.9517
5530.459 -1421.885 1153.232
5319.885 -1593.086 956.1382
4995.479 -1921.252 1979.857
19893.47 -1061.73 1644.453
2637.605 -628.0831 1863.821
10531.63 -1407.052 755.9449
8323.901 -1689.184 681.3521
3131.051 179.042 626.3851
7422.338 -1613.948 773.2959
6055.159 259.5799 541.228
4918.561 -144.036 548.4898
5694.82 -2157.825 1219.315
5640.056 -579.4074 458.9226
6651.514 -2265.055 1192.748
16325.45 -5846.072 2583.589
5123.194 -2375.168 3886.338
6323.73 -808.1482 487.5124
5408.704 -1665.12 1268.945
7297.621 -1422.246 660.2711
8967.575 -1988.449 969.0111
5626.864 289.3965 378.0384
5576.682 -862.5888 499.0353
9758.058 -2062.466 927.3295
8229.1 -6.226482 668.2366
9190.412 -2773.478 1125.769
3102.231 -38.17834 590.5513
3321.321 277.7045 672.8188
6581.361 645.3569 3496.706
3889.544 -56.66418 494.2497
6047.018 231.5744 583.0416
7220.047 -1369.557 643.7401
4507.548 1339.516 2584.593
3057.894 38.68645 469.8832
10787.41 -998.6663 418.2966
5653.084 -899.0339 747.4671
11025.67 339.1993 1083.13
3238.604 486.1459 748.0156
3019.191 64.95168 377.5101
5607.213 -541.6099 671.08
4912.421 58.80081 227.9774
5689.719 1468.556 922.0376
3638.096 -89.72654 156.2567
7903.748 -614.3519 443.4471
9239.132 334.3208 243.8797
2771.744 8.779291 918.8183
2438.056 -618.0493 413.8298
10755.23 -838.3556 779.1666
7372.696 757.8984 799.0367
2841.437 662.0339 1294.988
3896.199 -292.1328 244.2806
4841.506 -2257.459 2093.949
7416.679 -341.0783 284.2827
5595.384 455.304 317.636
10652.04 -1718.211 761.4634
3384.336 102.6769 298.7422
12981.14 -1900.459 575.4129
14395.15 642.0692 240.0885
6648.303 4.834876 167.5545
6856.603 -1830.484 1256.558
8435.279 -2168.975 1143.313
4005.094 271.1977 430.3967
7833.135 812.4299 768.9536
6286.541 492.6028 432.0364
2399.557 -172.1317 257.9557
4673.804 382.0614 429.6801
8332.754 -1363.299 939.007
3829.096 -249.7169 225.4342
19516.01 2031.197 711.9342
2126.765 -227.8603 604.5434
7201.16 -114.9579 800.1928
6808.638 45.76181 497.9194
8953.406 1183.688 802.9652
6839.486 7.542241 539.1697
4142.182 252.4495 519.1646
5057.882 -1611.222 1172.208
5093.178 339.8938 518.1116
5508.645 -1245.488 495.196
5963.714 -1415.666 911.0356
6408.889 259.7616 372.3779
3232.798 -87.83279 915.8788
4624.736 -1051.149 711.3777
8573.281 -526.14 489.9696
11015.68 -1945.146 897.8475
4369.791 -165.5269 307.8012
4493.148 -499.4165 507.5409
8381.033 -2.642408 229.8511
4140.922 -575.9349 561.3663
2200.076 -336.4039 381.344
4927.501 800.3401 1093.127
5405.091 337.25 799.9318
6074.073 154.2278 167.8158
5119.783 -51.87239 803.3969
3116.149 -506.9739 831.8035
2349.651 497.6488 1389.367
4600.088 115.2852 429.8191
6073.235 -1371.936 463.7099
5692.527 -861.4161 1210.111
4791.537 428.355 287.0144
8951.108 -2160.384 1159.124
6840.251 -744.7731 336.8752
1817.442 231.9198 482.7096
3043.714 -738.8965 1116.868
3815.015 186.4637 318.0212
4079.358 145.6118 334.9762
7499.08 -278.0267 476.4772
8035.358 -1769.902 966.8941
3512.758 -1221.102 1786.044
3111 -706.1626 657.6187
4975.006 152.1366 999.5864
3712.586 -121.8975 254.7081
9202.705 -224.802 3554.898
1671.375 136.7874 613.689
20492.57 -3121.87 941.8253
10012 1106.843 610.1365
3709.348 585.1093 768.4759
7152.579 2213.898 1486.876
4525.178 215.4638 623.6738
5023.387 245.4275 626.8055
5282.069 -1484.35 706.0412
7309.846 1319.889 748.4907
10571.16 -517.1789 491.9724
6367.569 -1313.016 652.0446
5376.487 -983.543 994.6326
3510.258 71.10968 436.5583
7504.769 -1571.441 676.748
2021.213 -269.5097 290.7535
7259.963 215.6081 344.5966
3944.053 -54.34578 854.3618
2242.567 -108.6596 419.0375
4386.748 249.332 975.3527
8858.935 -561.2604 1012.921
3485.404 80.81111 641.8047
2915.81 -272.3727 785.9407
14429.87 -99.26632 668.5836
10146.22 -118.6244 529.9029
3189.268 -138.6102 371.536
2365.659 -23.81275 602.2889
4197.323 -933.9706 503.0324
3991.326 -1479.607 2360.722
4983.605 -433.4115 1007.147
2604.234 -76.51029 333.6978
2273.618 -61.80539 293.8782
2985.73 -20.58531 466.7076
3629.503 638.8105 294.2505
3926.293 -510.4927 930.5276
8099.985 -2055.983 1150.634
3671.207 276.0873 1137.883
1949.9 -274.2766 391.4908
13847.04 -3788.974 1655.859
1797.748 -180.1124 296.4765
5897.775 -1773.287 908.4729
10393.31 -819.7431 437.3454
4273.942 -214.5659 369.035
2574.504 -621.9306 432.4767
4803.491 -91.01192 421.9805
3702.916 186.6756 343.091
2169.66 -759.5495 998.0126
5460.748 -1375.3 803.0861
3589.671 -823.5051 720.1489
3972.901 -402.137 256.3452
6058.163 -1019.197 565.2123
21006.58 -4638.402 1310.749
3701.812 -619.5386 948.0104
3558.277 -166.488 406.3962
8567.171 -1480.273 573.6256
4505.038 -1485.176 1817.509
1681.571 -358.0669 1080.31
13231.62 -3126.363 1785.509
4515.445 -56.50527 560.5732
6489.003 -293.485 415.4009
6418.495 -775.177 549.8306
4309.026 -621.9395 449.081
2824.145 -264.0494 692.9398
4604.837 -823.9646 549.002
9456.269 -2202.731 934.2491
7324.906 -2061.296 1262.48
3971.875 -776.6897 782.1821
5812.302 -79.01039 1866.019
8588.782 -1835.899 606.7984
6441.971 -2177.568 1566.477
26016.92 -279.4921 962.2857
3132.68 -815.4636 557.4206
3542.618 -2244.347 3147.262
17441.76 1021.642 1492.445
15069.46 146.602 1047.16
4515.389 1006.785 1854.258
6506.551 -1539.196 867.4378
9797.825 -2156.817 1338.833
4081.048 -701.7657 1375.47
4363.338 -823.7342 521.0626
3379.163 -295.2759 708.3509
3657.111 -111.1177 376.2439
2605.7 29.69367 407.8119
3663.741 163.178 974.0976
2011.194 -283.4513 1740.032
10294.21 -3558.761 1594.442
9218.991 441.4863 1310.501
10646.92 -4362.367 3094.837
15283.36 -8151.069 7950.333
6463.808 730.423 1279.399
4630.733 -1664.93 1644.892
2498.592 -588.7348 526.8385
2447.661 -325.4967 788.8842
4694.509 -1778.367 1524.234
13433.95 -966.0721 1694.062
9179.939 -840.4262 634.996
5115.237 -1450.235 1075.171
6732.773 -245.4383 1032.927
3776.085 -1636.356 1712.626
4558.344 -33.08298 901.1269
3398.678 -181.8673 921.5239
9436.147 3722.571 8750.362
5945.697 -700.1689 939.8753
2078.437 450.4078 1181.495
7848.467 -355.8107 1427.641
8315.539 -2004.031 1087.322
1572.948 -272.7515 1415.16
7379.166 -2833.739 2111.585
6962.228 -1701.162 1341.778
7152.836 -4180.881 6275.579
4266.512 -519.0564 1709.185
5709.032 -1315.077 1293.929
4930.631 -1587.991 1449.249
5108.892 -2154.714 3528.675
7178.255 -1736.923 1142.688
6417.33 -285.7014 820.7071
26414.16 -2535.807 793.8128
8493.795 1316.104 1598.587
4724.304 424.638 2290.38
2938.034 -1170.35 1135.694
15225.86 136.1958 1748.899
3364.077 -904.5082 1675.441
3893.281 -1231.918 892.96
12425.27 -1581.786 549.4594
3969.335 -1322.796 1170.04
7277.956 186.9063 433.2122
12415.1 1000.568 946.8015
2840.752 -280.9312 800.5795
3337.409 833.9086 4132.399
4384.503 100.5806 445.4365
6692.542 -88.84493 444.9053
4422.543 1406.375 1615.573
6119.684 -608.7842 412.1836
12756.91 -3300.824 1846.714
2677.575 627.6439 832.4801
9990.828 909.608 459.8766
2597.229 581.6973 479.9366
3666.365 420.4319 778.0689
7670.036 -277.9793 625.2852
5841.193 -564.7978 613.2051
4468.667 135.1779 252.8813
8273.173 -2180.617 1304.558
4967.746 19.57429 361.8365
6567.891 606.8314 1428.161
3050.085 -273.7647 618.5414
4702.098 -630.049 603.7891
8377.536 826.7187 2088.555
4590.369 -394.603 533.8753
12340.39 1012.554 709.3683
8044.531 -1137.944 665.0269
3674.179 -268.4946 458.2742
2801.507 492.9401 1050.234
11767.02 481.1274 1325.581
9466.597 -518.0731 2031.222
8631.157 26.42584 367.0025
3206.789 -187.75 647.9357
4852.215 1618.185 1696.944
6073.851 -836.1612 377.9343
3667.544 -165.8405 258.8681
2722.156 -212.4973 350.7954
34496.73 331.0512 362.8765
2979.996 -461.2523 566.7604
7466.964 33.29128 288.8159
8793.136 301.5985 727.8929
7499.315 1575.98 1272.728
8997.466 -789.0784 467.2538
2402.113 -163.3252 1348.369
3356.768 -192.3294 900.6032
42974.51 -1185.477 640.6497
7068.343 -1367.795 664.4146
3179.859 -372.9104 300.0515
6108.174 -1106.137 418.812
4434.58 -997.7993 816.7468
3569.315 -1570.108 2127.422
2270.463 183.5632 694.5554
4123.688 -220.0765 660.2866
3135.012 -91.66033 313.8902
9299.246 680.8485 1115.163
8349.427 1444.941 843.1573
3889.743 -404.9458 515.2168
8431.865 -1378.514 643.655
19288.47 -3546.527 1681.297
12190.62 2692.138 1751.513
2468.445 -154.446 247.1855
5623.705 21.44838 592.0479
1847.349 -104.0257 1744.557
5142.199 -489.1535 467.4033
14342.3 1941.809 1695.962
3351.313 -579.8718 751.5762
6829.578 1145.597 890.7305
3399.898 673.2241 1845.218
10773.01 5088.499 8222.091
5968.557 935.6268 489.1887
6506.804 -556.3861 676.1939
16087.44 -121.8265 731.6692
6803.955 88.58177 1091.334
7878.615 -170.0038 1025.933
4326.683 569.597 872.6336
6424.39 1987.597 1721.418
11448.53 822.438 414.9617
9054.558 1348.389 1714.281
8021.05 88.42002 323.1108
6750.398 1746.942 1234.648
7492.986 -1516.89 1979.188
9853.523 269.3973 661.8149
9269.816 5066.42 4883.095
5184.031 -281.8774 387.3672
11332.4 -112.0385 374.5249
3076.138 -248.0738 1718.505
7915.55 992.4994 688.0339
6166.64 498.7389 896.9613
11519.52 -232.52 284.6959
4556.354 -896.4846 2379.157
10708.44 -1511.021 869.5975
4940.238 1032.513 720.7321
4931.028 224.4188 352.3836
7103.484 833.2672 394.0788
3799.117 116.9669 263.6455
7624.811 144.2342 338.4417
4593.948 217.6139 621.4171
2705.761 -670.713 877.2274
11776.83 -1331.648 455.6313
6855.486 1325.982 939.3636
7379.953 1429.408 857.6123
9573.094 -1648.987 981.3902
9224.13 -657.464 838.9187
5237.832 -169.3379 855.2365
8519.825 329.0009 696.6474
8209.583 1797.394 1150.095
6107.032 -138.6713 643.1898
3452.23 27.97237 708.6841
7073.084 1062.331 663.811
6208.56 505.0191 402.4799
3531.102 203.4091 358.1938
5579.81 1271.423 1483.531
13127.88 196.3204 3667.998
8870.441 -254.3012 564.8531
2536.877 -24.9991 1204.892
5258.861 1069.471 1943.333
4433.129 -115.2966 363.4247
4537.886 724.445 645.935
10043.98 -1963.83 2688.296
5531.582 458.4077 330.7258
14767.86 146.8241 852.9691
4386.621 768.6456 547.143
7361.814 -25.66112 784.7685
2052.399 -559.4405 1083.196
6860.471 -1454.489 754.882
4319.034 122.2762 1901.869
2758.628 -466.367 406.8297
5520.026 747.7441 882.7255
2980.551 -2204.029 3653.615
5393.325 1419.101 1070.092
4296.354 -205.3624 256.7785
1297.479 148.6595 851.921
5808.227 1399.431 610.2166
6583.773 789.7018 656.8688
3219.118 520.253 1318.134
8532.372 214.595 408.8051
6460.936 -43.05146 337.3321
1834.213 -639.4698 613.3231
6638.386 -224.0465 275.633
14563.82 -1030.489 307.4102
12271.49 1217.335 688.0631
10133.63 -2854.264 2300.257
6328.895 -1253.144 648.6189
8744.054 -618.8848 363.1275
13496.35 -1057.685 183.6666
1838.725 -54.89187 197.1625
12042.81 833.331 263.1013
2090.229 -138.3397 477.8205
10869.79 -256.53 417.147
19056.98 3561.258 998.6506
4880.224 -320.0298 410.4691
6405.931 -139.734 196.2955
2548.59 -142.4617 641.318
4057.024 -509.4019 238.7189
16708.44 -12.07104 183.5712
27536.05 2225.344 1156.17
5075.618 -1273.173 1525.225
2488.974 -86.14317 371.0096
9793.637 -37.29545 227.1919
5980.674 1168.156 1045.699
5804.44 314.1966 551.1761
11350.15 -4251.153 1902.263
2642.577 112.6702 330.8918
2652.879 -64.26492 595.1984
12524.08 -601.5198 196.0096
6653.295 -1077.602 565.6642
5850.454 -491.2859 329.6707
4289.051 223.485 372.7644
5157.925 -332.0848 310.4534
5771.213 -252.8462 211.2809
7014.572 -863.4476 986.129
2139.221 69.61455 456.9393
5641.826 -357.168 139.2719
6401.095 -109.7185 369.0688
13135.69 -649.3715 1874.716
26377.62 -1085.324 528.6765
2918.913 -156.2608 237.8994
5386.357 -430.3587 931.0248
7652.741 -1398.169 683.2586
3514.71 -763.5556 876.8025
4152.403 -1085.523 548.5479
5912.824 -24.18567 615.689
5794.166 159.5504 343.0206
7246.762 -1589.448 992.4466
3641.166 380.5639 352.712
6877.507 -1179.638 705.3992
3249.565 -444.2093 617.3568
5815.143 772.1125 1589.78
2128.091 103.1972 306.226
4202.429 -894.3578 896.2749
1968.998 572.2064 1161.362
15733.34 -1775.21 426.0627
2945.877 -182.1093 425.6374
9413.487 2126.919 1635.585
5560.66 -127.7899 450.5865
4845.385 -464.2457 523.2309
9344.485 -676.4379 475.6192
4415.882 -290.4839 449.2277
3677.042 -662.5907 345.2798
3719.913 -597.7775 716.5493
16228 -1008.714 169.2867
12854.68 1083.783 839.2877
4393.333 -110.0334 283.5346
3427.773 819.0653 730.4692
9659.215 167.5046 240.0355
4157.94 290.8903 1605.827
14922.21 251.8696 1112.672
12601.54 183.1201 382.5828
8109.924 -1258.651 428.9699
3835.931 -735.8779 1161.01
5343.905 -665.6274 638.4398
3835.459 175.268 168.023
3892.299 -374.3208 694.9417
6428.11 -1015.666 818.8453
2099.7 -275.8177 648.014
6138.564 105.3826 224.9892
4802.105 -1488.235 1187.543
3194.171 -313.384 402.7581
6876.436 -1402.425 781.6001
6083.826 -355.1703 317.0427
15839.42 -24.80977 834.1613
8584.573 -925.6199 310.0508
3035.556 -126.3867 739.2294
2211.557 326.0686 408.8676
4446.615 -352.9387 532.6264
3498.764 -477.1387 323.73
4893.221 -1130.073 724.2447
7734.068 -1164.63 1161.683
15603.48 -9.747238 1878.209
4160.176 -289.58 424.3445
2056.023 -268.3083 659.9366
4851.143 -715.0926 483.2352
2817.706 -575.8941 538.6219
6681.722 -66.47477 238.7748
3974.811 -553.5117 236.7598
6250.572 -1956.98 1113.13
2385.054 -665.5682 1169.199
4175.318 386.7604 603.1738
2388.207 698.7163 1196.656
5413.751 -356.7385 347.055
10071.27 -1578.566 1124.882
2477.3 389.8855 419.7488
11272.17 3925.76 2806.169
2604.728 139.6899 517.2578
6500.469 -581.5223 896.9291
4890.114 1307.712 1069.057
2892.552 671.4752 1075.386
16855.28 -4322.747 1504.255
2884.944 302.1576 303.5126
2056.901 204.1721 331.8147
9578.59 -2027.329 1521.857
2728.858 -56.96292 500.6882
6083.001 169.5017 646.5289
5079.11 -1071.907 984.6343
5530.14 -240.3093 579.0263
9766.312 534.8696 317.6593
7854.513 -2259.955 1004.979
5288.29 795.0388 915.424
4439.722 -713.4137 549.5777
3365.103 305.7433 466.6662
13511.03 825.0746 345.0646
8457.94 -234.5634 304.3614
3348.462 539.3292 814.31
4665.12 697.2488 1030.823
3404.51 385.4984 650.8367
5721.031 -357.626 278.6754
8926.609 -180.083 367.1063
5909.815 0.1363798 328.6229
6200.954 -1273.808 829.3054
6294.629 1080.89 1665.969
3174.369 -43.53781 850.3527
6829.447 299.3351 948.9239
4882.532 -1457.587 948.2679
4351.96 -512.2235 690.2803
5863.643 690.0695 943.9816
4152.837 441.8881 228.6555
4317.223 -299.2289 471.8583
3093.046 -281.5997 615.3335
10602.9 -3151.294 1946.345
6518.311 -605.767 608.2509
11079.84 -2225.509 867.1095
3197.66 -841.7742 1541.027
9680.053 -941.7737 890.1125
1713.131 -248.4723 940.744
11727.09 -24.39587 588.9631
17480.13 543.5159 599.4703
14248.17 -1037.538 519.1493
5856.411 441.9968 254.2808
2805.727 -60.02953 454.6174
7435.381 -339.832 353.8853
4691.676 -1504.964 1252.523
6031.718 -562.0465 1597.695
5282.791 69.57703 844.6004
3938.967 -875.2019 1902.077
10657.18 889.9112 1985.48
6771.392 553.4384 551.9456
4072.254 178.1692 397.0368
10375.88 3351.856 2152.094
13294.69 337.2278 305.0346
4503.335 -334.7545 774.6446
12785.04 1318.189 601.8686
5812.117 -323.091 336.7169
5433.775 1305.823 983.7181
2089.574 73.4567 997.5354
3200.922 -36.5118 400.1049
4613.639 -994.7029 488.8694
13213.63 -522.7599 464.8694
5895.381 -771.0581 628.408
8793.638 -629.5012 381.4044
4013.67 359.8646 467.7281
3237.153 -70.5546 188.6523
5439.64 434.9326 441.4644
3999.861 -1439.411 872.597
4112.922 -154.517 1431.514
12335.02 -1181.371 427.0354
2955.36 1157.149 994.893
2148.635 636.448 1886.961
5965.461 -615.7743 722.7279
2883.917 -304.2519 470.262
8025.265 -1423.155 655.8776
3345.009 -338.8679 489.5119
6878.887 -1780.145 1493.348
29559.05 6318.415 2066.55
14145.65 -1377.658 716.0591
4958.792 763.4412 1031.119
14099.08 139.7783 352.3712
5666.508 1151.981 4268.851
5024.353 601.797 636.6166
5731.887 556.0068 1151.793
7308.61 -3190.015 2172.368
12793.33 2588.962 949.2903
6864.999 592.0832 499.3541
14979.86 1253.864 1041.055
3443.906 -1068.292 934.5234
3153.043 406.75 875.4538
5642.145 -125.686 1049.693
7956.443 1022.105 958.7498
4081.037 -288.9808 238.5213
6867.276 -1035.292 397.8931
25901.25 -1234.566 602.9384
5668.039 -596.8696 361.7594
11255.46 -1923.067 838.3727
4536.294 6.737672 97.05576
5446.359 222.7059 621.9143
1628.898 -135.9149 479.6755
9491.719 351.3473 231.1029
5192.304 -36.55003 652.4882
6678.872 -2156.463 1345.047
17784.12 -40.30412 714.3467
4074.511 -592.5716 396.8985
6282.404 -817.1932 274.6614
16815.4 -5126.467 1944.067
6686.045 -1891.612 1395.617
4394.925 -1238.897 775.3371
10089.72 682.4811 259.2712
10324.67 -1607.637 1014.516
6386.184 -1267.245 542.823
4025.4 -1133.538 823.8512
11725.89 -418.7857 610.9633
4797.255 987.205 1244.532
6531.355 -1315.616 603.6689
2489.836 -148.8524 686.4926
10231.7 -2226.895 1423.301
7798.359 -91.25809 681.1774
4800.823 541.6532 340.7025
10624.44 553.2113 821.1197
2647.499 34.37247 250.1
4665.262 -877.9812 1410.821
18823.4 -3432.431 1422.747
4425.427 -140.017 646.0258
9695.363 1955.829 1018.418
7081.599 1361.757 1211.329
7801.102 777.8139 950.1939
6223.95 -493.2019 1032.004
4650.246 -157.3123 695.3166
8954.499 -375.8914 366.7252
11740.9 3445.26 2110.15
5317.794 -767.219 351.9213
3923.134 1071.846 821.8478
3843.764 1138.691 675.9849
3646.141 -250.9179 487.1697
10762.57 -2474.589 2644.976
3250.423 -273.2875 793.8181
4657.491 519.3752 386.1071
4772.265 334.2501 461.7284
8373.117 653.7564 597.6094
6267.157 903.9153 560.4229
10300.48 -282.5975 390.409
10579.77 -1747.6 657.5448
8914.729 -447.71 498.1737
8617.418 397.8521 494.7036
5278.14 791.9825 664.9581
5814.289 -174.0275 303.0976
6158.041 -792.2782 516.5704
5662.729 -423.7305 896.2265
2573.226 -318.2968 783.8801
11068.41 306.762 432.6327
8172.635 -641.9537 490.5154
9978.347 -3627.042 2323.537
8914.722 1159.707 1387.992
7856.891 1915.218 909.4069
5735.027 1249.245 1417.61
7673.381 -48.43009 399.0224
24485.51 -1748.048 370.6202
17812.85 637.4739 839.4152
5030.048 480.8611 818.0304
13418.44 1597.937 453.1594
9114.639 -496.7675 560.8912
3964.27 -264.1751 1285.203
4184.303 349.0681 419.1723
3954.198 -772.4283 752.6223
8686.71 192.3612 404.4571
4615.698 -28.64657 589.8583
5314.438 -880.2765 1751.523
9730.949 -1730.803 2736.721
3282.219 42.73796 1388.314
22537.12 -10636.67 6596.14
3644.329 -356.0117 436.3023
3435.294 -92.68406 1641.425
3995.732 331.3878 2012.776
12080.8 4141.981 2812.979
4183.793 -1405.533 4317.301
3902.603 -399.8912 736.8217
11494.27 -2750.68 1292.827
3681.828 412.0348 1037.191
4226.584 -1326.185 1177.424
8226.347 1160.607 2132.461
11853.87 -4639.269 2542.196
3103.993 -232.7496 504.2839
2414.172 -499.6776 1074.894
9096.68 496.5005 661.9243
3112.387 529.5303 666.5724
13991.56 957.3698 533.6986
3810.583 -700.3789 985.1596
3646.481 -363.8161 209.3256
5643.378 468.4192 479.6083
12850.2 -5689.318 4290.805
8991.807 1145.348 1211.003
4728.791 343.2757 143.0191
4473.989 -400.0917 234.9899
5452.532 -659.9017 263.8013
8099.683 -151.2518 343.104
6013.539 -673.8922 500.7803
4694.934 -1190.889 748.3439
3990.549 -197.2425 198.5836
6582.381 277.933 365.3851
6773.914 -2295.306 1096.837
3081.331 -736.4545 872.632
5852.481 -42.61459 110.7367
7664.21 -1326.035 444.1867
5114.664 -183.6163 195.3455
4380.927 0.2835494 388.7989
3798.477 -131.7271 190.8828
4006.677 341.8702 503.0369
2240.323 126.717 220.1534
10837.56 -1608.278 453.9583
17375.76 1238.906 650.4329
9526.97 435.0876 264.4556
8697.469 568.7785 369.4569
2860.56 21.93143 688.6547
7925.981 -339.2387 275.0888
5450.83 1055.405 1053.148
7917.326 -1031.628 415.7188
3634.263 -313.595 1314.013
4965.31 -37.67134 450.8405
19135.74 -3158.224 822.4027
3603.668 -404.3472 497.3495
2048.484 -1115.953 1287.289
21963.48 -2942.824 639.1548
4061.003 -865.7196 445.3581
3141.123 -622.1322 582.4476
2819.788 -264.3513 323.8673
10662.4 349.6419 404.0199
4007.531 -572.8519 345.7507
8300.877 1334.806 1055.937
5835.869 -1501.765 606.7657
4435.506 -1435.544 1006.691
6896.866 238.5028 706.9434
6091.43 -2390.292 1555.859
25172.77 2777.437 904.7236
11615.01 -3255.008 1516.764
2406.493 612.6405 2148.476
2197.787 314.2294 1239.758
3634.378 -127.8658 319.2762
11550.66 -2230.598 5306.416
3783.742 -468.8034 721.2583
4122.356 -121.4347 954.263
7267.073 -1232.943 625.4967
12832.75 -1143.05 464.19
8577.136 963.0325 613.0587
6697.171 -1131.993 471.1662
2498.265 -870.3305 823.2
4274.594 -138.3219 907.6423
6111.048 -401.9562 377.8385
16311.56 1607.38 647.844
6127.891 -84.66431 187.8504
8319.815 -1160.316 647.0413
18445.12 -1456.761 379.0828
3606.717 -228.3382 1059.789
6395.083 -657.6852 206.0229
