2082.485 -141.5124 398.117
2023.366 -54.95472 384.4838
1969.164 -39.76261 407.0287
2085.272 -136.1347 399.9494
2131.705 -84.36627 347.9066
1920.206 -105.8419 406.2575
2166.456 -107.8234 411.0311
2190.13 -144.6731 417.7449
2008.198 -93.21205 359.8357
2423.793 -182.509 431.9413
1979.865 -69.72412 369.0176
2000.526 -75.15597 382.9892
1821.646 -86.87958 366.2016
1980.767 -135.6162 410.6829
2202.234 -135.2122 419.9935
1980.17 -38.97332 430.2196
2103.935 -147.0386 367.9244
2026.196 -71.0396 360.0791
1973.718 -73.05452 413.3201
2108.354 -121.4939 423.5443
2242.025 -111.5282 423.9691
2195.668 -38.24102 369.733
2013.77 -98.85397 382.2991
2085.159 -142.9098 411.1702
2058.615 -111.1476 420.1154
2048.86 -105.2247 410.596
2098.214 -81.17591 396.3716
2021.762 -76.35323 363.4449
2137.87 -95.3128 396.3516
2179.608 -68.11458 393.2981
2011.639 -95.8797 369.5209
1932.326 -43.28968 378.8791
1912.271 -101.6351 406.1789
1867.376 -71.18933 406.4255
2038.651 -80.54396 377.1481
2146.269 -134.7161 379.4414
1989.333 -52.57374 408.6044
2055.807 -99.80871 387.9525
2080.482 -108.9339 398.8439
2011.106 -81.2867 350.5459
1958.855 -80.56708 370.4711
2173.391 -116.0162 392.8416
2013.467 -81.03623 448.6788
2314.957 -40.7388 401.142
1908.08 -86.18269 382.8174
1947.884 -96.3471 405.6574
1976.704 -105.0493 366.6459
1840.777 -130.4123 363.0321
2046.027 -68.60748 402.2664
2170.961 -83.51636 391.6243
2030.237 -72.35401 398.6605
2163.389 -52.26704 413.3844
2082.627 -73.96695 392.8429
2107.189 -96.29763 343.9061
2151.748 -96.67177 386.9458
2165.749 -123.8352 401.9267
2102.526 -158.556 387.9797
2194.073 -62.59572 407.3068
2083.863 -143.3351 436.5391
2144.236 -184.3089 381.7433
2183.663 -136.2497 441.1667
2029.311 -101.6084 369.1286
2146.556 -86.43706 374.3199
2000.338 -42.39875 400.5149
2067.595 -97.1902 384.6492
2093.447 -123.5859 422.0583
1837.271 -29.67827 407.7957
1970.662 -65.01614 339.3366
2098.814 -114.4053 367.0239
2096.682 -146.1223 360.6908
2199.703 -125.6351 437.1762
2178.154 -125.3236 392.3468
2040.155 -110.5772 408.9774
2060.036 -85.42876 409.9494
1989.963 -129.6791 417.903
1898.67 -92.23514 357.7116
1955.048 -105.3384 435.8253
1968.812 -82.40916 378.8744
2141.493 -55.99865 389.4051
2076.223 -60.89769 412.7059
2050.606 -140.838 387.4392
2149.643 -114.4182 413.6133
2067.552 -120.0146 430.9261
2091.664 -84.65091 389.4705
1918.824 -78.7741 393.5635
2084.185 -26.47155 383.6763
2021.921 -57.02753 369.5031
1950.681 -52.88835 401.7289
2135.611 -145.4434 383.776
2008.322 -70.85503 412.5942
2133.887 -53.52867 426.7961
2221.377 -61.07854 394.6756
1881.867 -88.97863 451.041
2101.911 -87.27674 386.7831
2223.469 -122.9946 408.0036
2063.73 -134.3505 413.5893
2008.4 -120.8713 423.6215
1944.989 -99.15394 399.7062
1991.872 -92.18629 405.9192
2051.912 -114.3524 388.5609
2167.758 -80.42996 422.477
1988.983 -165.0366 424.5459
2041.751 -80.01477 380.493
2135.057 -90.97804 358.5642
2015.799 -85.9718 374.3667
2015.857 -93.99529 381.3313
2033.375 -79.68684 390.3906
1975.325 -114.8556 375.2225
2065.776 -97.15096 388.0939
2157.991 -83.56091 397.2029
2051.875 -116.0341 388.2569
1959.562 -109.5427 423.3802
1934.081 -90.62009 385.1501
1933.02 -62.64131 376.6769
2021.6 -48.23491 374.2142
2105.14 -72.26128 407.2025
1887.583 -171.8761 381.6775
2051.932 -96.5592 413.2363
2019.777 -133.8172 384.5932
2032.007 -56.2043 472.8619
2058.014 -131.215 393.6451
2037.534 -25.49697 392.7343
1995.135 -141.7492 407.9196
2053.578 -96.48994 405.2845
2180.596 -81.30212 382.9451
2214.829 -120.3887 380.7446
2047.253 -98.94974 377.1802
2094.155 -82.5206 387.8359
2178.536 -76.4699 385.1435
2079.5 -117.4171 395.1222
1920.144 -84.09881 382.431
1937.806 -105.3946 417.9941
2036.617 -88.14188 399.3233
2167.6 -57.63984 439.0282
2081.746 -91.35308 404.0528
2145.009 -123.7116 380.8076
2057.871 -82.28849 416.0111
2121.987 -111.9461 385.5415
2086.406 -123.7534 397.322
2110 -208.7042 427.6772
2246.196 -115.0315 380.8957
2004.376 -139.3009 392.2017
2063.665 -162.3589 457.9497
2098.45 -159.307 382.9229
1993.904 -110.3395 371.7289
2093.102 -152.9322 403.5271
1894.59 -40.48802 341.2306
2084.113 -201.4746 427.4785
2006.247 -65.28086 353.8497
2058.937 -129.0721 420.9173
2061.341 -87.60886 384.6434
1864.804 -122.6701 422.634
2169.194 -99.26726 374.666
2090.324 -32.35483 378.6252
1937.369 -97.60552 396.1131
1862.329 -108.2893 391.1421
2099.856 -84.41156 367.7095
2136.046 -133.9549 401.4492
1992.024 -100.9542 399.4449
2143.252 -70.05413 409.529
2083.546 -152.0795 422.3708
2123.793 -109.6698 395.5244
2040.722 -107.7417 394.2309
2075.547 -111.7903 376.1747
2000.261 -103.4268 346.5996
2026.183 -89.8089 388.5115
2134.397 -122.8855 427.5945
2014.733 -58.95885 385.6679
2125.187 -186.173 411.3728
2105.162 -146.4923 369.5761
2038.153 -116.0564 378.5411
2028.839 -58.32791 390.372
2353.833 -125.1039 374.8051
2212.585 -98.62424 435.9547
2095.512 -122.8842 441.2075
2141.416 -77.56884 384.9884
1930.629 -92.04933 432.4593
1930.682 -141.4432 373.2793
2038.784 -67.99801 379.8778
2241.476 -151.9529 388.8972
2151.042 -171.0581 433.2313
1971.381 -94.38081 385.3425
2114.736 -191.5867 434.6524
2209.345 -184.3519 385.0263
1974.594 -83.29751 332.6317
2011.397 -72.4117 378.6712
2035.802 -90.29119 383.1438
2209.241 -65.45023 337.5484
2264.407 -98.23476 395.805
2250.592 -105.3127 407.4941
2129.243 -86.9724 409.5105
1855.039 -97.57132 382.9829
1994.881 -8.455531 365.0249
2020.239 -73.1919 420.5455
2017.183 -99.86699 435.3959
2061.241 -194.9704 403.7539
1924.692 -133.3969 389.9578
1910.017 -65.40824 387.083
2042.921 -129.1216 373.4979
2036.453 -76.3848 360.0396
2043.384 -61.68797 413.7308
2194.512 -73.10582 377.0365
2046.645 -139.6128 412.2248
2019.633 -96.16131 392.01
2067.908 -104.9562 390.4278
1945.362 -116.5819 381.2654
2395.595 -172.0994 426.832
1910.721 -132.6203 426.6774
2033.751 -136.9175 420.8267
1833.868 -104.8459 395.5764
2088.503 -40.54171 410.7003
2177.31 -116.3215 417.0819
2053.593 -111.7918 429.796
1997.835 -83.57392 352.6654
1979.02 -69.85648 413.7752
2085.175 -128.7636 417.3603
1967.125 -119.3057 390.5028
2014.253 -121.4732 377.7245
1970.09 -106.6634 395.297
2155.265 -107.1184 379.0353
1910.37 -79.88262 390.5673
1935.463 -97.11362 473.4604
2253.413 -91.56302 406.1072
2026.286 -88.92453 372.2475
2120.806 -139.1148 397.6128
1930.975 -62.79364 387.1156
1845.237 -124.9742 419.1129
2150.482 -78.81727 448.233
2072.675 -51.05142 415.3963
2104.543 -91.09813 388.378
2209.518 -63.41189 391.0724
2042.408 -153.9481 373.5616
2035.725 -127.5771 435.8419
2014.759 -100.0096 398.2935
2349.359 -106.6345 396.3758
1987.839 -138.7567 428.5553
1880.983 -125.8125 370.6782
2004.649 -114.2767 418.6445
2027.869 -66.87024 361.9818
2160.084 -129.7562 395.6766
1894.996 -90.77847 379.0425
2285.995 -108.4795 423.8843
2018.126 -44.16775 384.4509
1903.199 -80.10079 354.5103
2077.436 -91.2908 409.3847
1918.972 -63.41568 374.5653
1966.255 -144.9226 352.2072
2154.424 -137.3446 398.314
1951.647 -21.45491 426.2684
1941.836 -106.8316 405.7251
2211.351 -64.797 409.7178
2046.8 -126.8354 404.6608
1877.59 -48.0573 405.1341
1983.106 -73.82519 372.8407
1836.847 -85.12991 399.7298
1949.307 -75.51841 387.201
2060.539 -74.21233 380.971
1979.313 -105.8341 368.2255
1832.129 -68.91903 427.4604
1960.359 -113.6877 357.336
2203.533 -88.66231 395.1358
1873.639 -83.85846 453.3389
2050.994 -81.01553 398.3709
2155.994 -58.36958 390.1299
2010.339 -121.5837 388.4938
2076.642 -125.5325 391.2196
2032.993 -122.4345 376.251
2031.417 -72.25772 339.8222
2086.948 -83.46619 415.6111
1980.405 -120.6492 419.0259
1995.775 -38.82972 408.9753
2210.838 -76.05379 390.2975
2053.83 -145.8594 417.0086
1866.472 -53.20822 384.1792
2081.734 -92.51382 362.5358
2111.936 -65.8258 392.7549
1840.309 -144.6213 409.0909
2035.983 -129.3485 384.7727
2105.601 -122.7436 402.5789
2229.565 -134.023 401.4199
2250.88 -139.5629 452.5803
1887.11 -96.64499 430.4935
2165.777 -102.2264 412.0281
1955.337 -84.30089 404.424
2114.433 -125.5659 434.6662
2091.177 -130.3945 410.7611
2298.845 -118.6536 366.9837
2069.473 -63.49066 430.1267
2109.514 -20.88388 379.6066
2088.185 -125.0679 432.4256
2381.92 -38.68865 383.5244
2096.073 -64.24949 400.6365
1988.461 -62.53924 400.2593
2148.226 -65.10246 371.8306
2132.664 -171.1609 405.4014
1984.475 -118.5928 417.2939
2051.83 -173.8765 447.5472
2010.357 -66.13771 441.5593
1949.594 -117.531 433.573
1940.749 -118.2346 427.2214
2017.674 -105.0147 396.4789
2092.77 -66.86762 421.826
2019.17 -111.1919 392.4717
2151.627 -64.1523 392.9846
1925.442 -4.150171 378.3551
2057.314 -61.33461 385.7667
2013.753 -59.589 383.1528
1716.938 -130.5544 410.7336
2106.561 -87.08942 413.1606
1916.946 -128.8724 435.4527
2197.403 -128.4903 406.6192
2124.788 -72.70981 384.9095
1855.653 -90.79698 365.739
2034.869 -133.8033 396.3036
2105.993 -90.75697 395.1754
1878.863 -105.9093 454.8121
1967.041 -144.6763 413.9509
1927.744 -94.11399 366.01
2089.073 -117.4214 434.5493
2019.976 -140.1148 409.0133
2010.062 -84.50571 431.8468
1988.052 -90.13504 389.8685
1969.167 -110.5873 381.6261
2047.339 -41.97367 402.9794
1946.027 -95.57841 399.1693
2021.25 -99.04494 366.6612
2039.264 -24.25693 409.5376
2245.868 -158.9124 380.1498
2067.621 -93.63822 402.4105
2061.451 -139.0689 439.8832
1910.499 -105.9371 370.8866
2138.013 -138.3672 392.2943
2163.258 -160.2599 426.4246
1918.937 -132.2631 414.2709
1893.979 -119.5295 447.7918
1938.031 -40.06488 365.2559
2055.968 -98.5588 377.1343
2015.083 -119.8729 407.8331
1966.624 -30.2657 441.4202
2019.162 -78.03888 372.7511
2182.537 -83.52069 420.2315
2184.858 -151.861 376.6856
2132.371 -131.5477 354.0374
2189.349 -124.3963 399.0619
2054.056 -4.946084 394.7373
1990.625 -158.8389 422.2971
2141.223 -89.86439 400.5916
1866.923 -104.6452 374.1875
1878.625 -89.79515 377.6135
1900.86 -136.1884 398.0022
2144.381 -141.681 393.5932
2061.831 -109.158 375.4918
1979.489 -103.0452 406.7149
2118.392 -121.9604 422.5211
1917.912 -77.3011 398.4506
1888.538 -135.8132 404.7728
1953.717 -56.98587 392.7602
1810.565 -99.90361 423.6063
1983.993 -93.21063 396.9188
2133.133 -120.8906 396.5209
2036.56 -80.45322 387.5227
2146.106 -137.4089 399.2903
2218.869 -135.6339 371.1771
2097.946 -189.7602 396.0956
1916.439 -100.8213 401.9803
2043.155 -60.13788 401.1468
2278.202 -110.8621 375.5173
1985.643 -139.5653 412.8419
2101.026 -96.47588 404
1873.19 -119.5714 414.5987
2192.691 -123.9516 422.3691
2080.227 -96.10795 382.6154
2000.13 -77.12912 400.1276
2201.157 -19.73542 396.3396
2033.714 -101.3357 374.3964
2094.275 -98.81067 414.847
1925.99 -137.6927 407.2212
1995.232 -82.06534 419.1653
1916.657 -38.33887 390.9794
1986.671 -123.692 356.8634
2158.326 13.71658 369.1139
1915.484 -97.03838 413.8417
1983.855 -29.22978 412.4119
1978.266 -99.20986 398.7107
1846.88 -123.7086 395.549
1887.846 -59.61308 379.0674
2008.137 -72.74425 396.3086
2059.658 -59.67848 399.6533
1977.096 -97.36538 411.7297
2087.287 -114.4382 363.3355
2191.05 -131.7658 432.6441
2006.707 -144.7565 346.5247
2207.74 -113.8476 359.5781
2091.787 -91.6774 365.9484
2014.635 -105.8618 451.5328
2052.649 -101.6617 415.4663
1903.779 -73.43575 407.6469
2077.677 -62.50281 370.2492
1986.081 -97.28394 446.5015
2296.744 -155.9597 393.6518
2150.103 -44.72625 359.7661
1921.758 -146.597 403.1392
2082.072 -80.13962 415.0308
2073.921 -59.53039 385.8579
1906.332 -97.31429 395.4039
2075.334 -154.0147 394.7374
1839.701 -87.49105 395.8427
2211.756 -105.7935 356.2797
1986.095 -148.4568 396.589
2090.031 -100.9535 376.3914
1952.223 -102.8423 397.7973
2000.675 -151.9435 430.0235
1921.885 -177.4609 442.1356
2249.136 -108.8223 418.9099
1950.971 -143.512 402.33
2105.526 -87.89221 393.4327
1939.3 -59.76072 410.4588
1986.602 -85.3613 382.3606
1894.247 -80.84716 373.4392
1933.678 -60.71298 415.5248
1911.054 -148.6917 465.274
1953.506 -33.63665 391.6005
2055.88 -143.6956 407.465
1893.801 -140.5029 406.4348
2152.942 -90.05322 427.3275
2004.774 -99.06902 406.1919
1952.243 -23.14089 423.7266
1945.241 -49.8859 363.2616
2147.666 -85.83057 397.9794
2272.528 -127.5448 366.1939
1950.929 -90.44975 367.0751
2050.09 -64.88879 385.7789
1978.076 -153.6646 417.9988
1974.767 -33.75769 399.5105
2262.063 -97.52886 415.1861
1977.362 -77.34433 393.8572
2068.628 -140.0734 396.3568
2000.433 -155.9405 403.9242
2001.297 -85.6619 361.4362
2004.46 -87.5648 396.6
2138.662 -63.02991 401.8642
1890.444 -104.0631 380.1659
2143.388 -85.12551 384.9829
2026.224 -127.4249 394.0958
2218.485 -66.42638 416.0677
1848.52 -130.4427 418.8612
2079.554 -142.0437 402.568
2044.924 -109.1757 466.492
2047.05 -64.69589 378.1701
1972.378 -104.4431 469.0353
2028.893 -199.9686 431.3085
2189.1 -68.60577 444.3354
1990.823 -137.3552 363.1939
1976.799 -86.29133 360.4408
2140.053 -68.46296 391.2259
1937.596 -101.7335 408.1801
2204.567 -121.7867 384.8623
2122.851 -90.44359 391.7869
1976.754 -80.59315 368.4065
1927.049 -156.7521 445.4428
1898.979 -70.61748 399.9002
2118.759 -86.69562 337.4799
1975.851 -95.34375 422.0198
1864.4 -87.43969 355.4535
2021.667 -158.4912 404.3152
2037.098 -110.5119 396.0847
1964.532 -86.89826 389.0171
2034.692 -109.3018 430.9566
2145.857 -123.8414 395.0525
1955.213 -60.77239 446.0472
2030.496 -151.6562 410.2678
2065.946 -139.0574 410.5067
2118.01 -99.3201 464.6772
2022.86 -61.71733 377.8245
1997.094 -110.3127 437.9667
2009.441 -67.02813 443.1171
2265.773 -72.6165 387.684
1957.806 -106.2835 404.9714
1966.984 -129.633 398.68
2101.168 -86.28335 363.1217
1921.632 -127.0954 408.4806
2280.117 -33.14663 417.923
2155.112 -41.79474 384.0367
2128.35 -46.48794 390.356
2057.564 -132.3339 353.3355
2112.818 -101.3589 417.0198
2158.96 -212.0289 416.1651
2161.11 -87.99695 392.9382
2407.685 -79.86498 355.7841
2042.786 -87.7908 349.3252
2106.513 -64.89882 369.9916
2038.607 -54.02781 385.6392
1945.172 -71.85695 368.789
1953.073 -107.9043 426.1384
1906.85 -39.54698 390.4557
2013.615 -93.90569 402.1793
2143.518 -155.6727 409.8721
2106.175 -79.47991 371.4684
2036.293 -130.1355 388.3824
1837.103 -107.2372 374.0658
2008.747 -69.51321 425.1412
1990.235 -183.9132 402.1686
2033.674 -95.9142 381.3615
1937.863 -85.97449 372.4859
2108.174 -122.301 387.7439
2089.625 -119.0433 395.7458
1994.835 -84.26474 351.5806
2013.914 -80.93644 380.5704
2070.302 -115.0592 392.9052
2225.883 -130.8688 419.3782
1892.452 -109.3229 390.0965
2256.575 -55.42142 430.9745
1874.656 -71.08406 352.8882
2192.179 -107.022 361.7194
2012.63 -8.017011 405.9703
2042.521 -78.23142 392.057
2175.075 -114.1987 400.6164
1853.83 -67.77145 386.5567
2149.434 -87.62812 390.8051
2023.499 -69.89696 400.3392
1897.054 -68.73222 411.7671
2108.576 -120.1772 414.0764
1950.656 -77.65639 365.9982
2008.215 -57.71563 394.8928
2082.478 -104.6042 372.7322
2051.789 -100.5921 398.1267
2169.846 -92.11506 411.5764
1974.231 -101.2859 394.0052
2219.351 -99.62749 386.3968
1902.877 -94.8585 382.9871
2201.364 -113.809 332.2092
2125.525 -95.00826 414.1955
2042.02 -79.78132 420.5286
2031.567 -92.45166 417.2639
2008.264 -113.482 393.5475
2035.177 -122.0339 391.4882
1825.742 -78.37827 386.8182
1880.926 -77.41738 403.9516
1985.971 -117.798 408.5139
1936.517 -131.4052 377.7823
2179.674 -121.7329 378.4086
2029.745 -157.4381 422.3603
2211.106 -132.4382 382.581
2024.156 -116.6459 378.3675
1911.093 -55.77622 430.0456
1990.311 -117.8634 386.9077
1943.283 -132.7778 416.1864
1716.001 -46.88195 438.5666
2296.186 -139.7729 399.9118
2129.673 -103.0803 384.2696
1961.72 -137.9065 442.9875
2002.692 -67.92711 358.6208
2127.226 -91.84115 390.4059
2054.603 -159.9038 407.1806
2119.738 -125.2122 369.871
1995.501 -143.8378 397.3741
1888.144 -168.5937 401.9816
2255.713 -167.214 391.6149
2075.628 -92.13323 393.2207
2053.925 -92.11341 370.5656
2117.086 -135.3264 423.0957
2030.718 -75.22461 401.6576
2040.389 -51.62953 396.5852
2054.102 -164.772 427.6301
2082.777 -188.3017 413.1703
1958.589 -94.58052 374.5933
1983.434 -134.5896 359.9214
1913.644 -104.5733 416.6329
1973.538 -145.2513 440.1485
2142.358 -127.5374 386.3807
1965.399 -94.75886 420.7899
1985.011 -101.4596 408.0931
2011.923 -105.5732 427.1205
2255.378 -103.4976 384.3695
2029.854 -55.45485 396.5959
2221.631 -63.19955 423.1332
2163.715 -65.80963 415.46
2012.29 -108.6931 419.9287
2063.126 -96.66329 403.8598
2102.145 -87.29724 438.2451
2058.36 -140.4907 361.8317
1849.406 -55.67279 379.5235
2131.904 -204.7128 421.3134
1919.286 3.677311 353.9686
1858.472 -41.06131 387.8407
2176.329 -169.9894 419.5177
2126.358 -61.84338 370.3213
1911.904 -99.30219 383.787
1894.075 -85.94636 375.651
1767.29 -40.01462 382.1152
2096.245 -51.21643 357.3174
1998.868 -134.8575 373.2379
2126.039 -88.65172 421.1988
2034.509 -112.9661 392.7901
2082.277 -85.97591 439.0512
1950.725 -147.6063 414.9906
2062.369 -97.01011 395.3737
1957.865 -61.04053 384.0198
2165.794 -137.3875 410.9532
1989.807 -42.68077 448.1138
2288.883 -117.0405 396.0879
1992.822 -129.3653 399.4947
2038.269 -101.151 392.6025
1883.624 -61.88152 394.7435
2086.03 -198.678 441.1594
1977.917 -117.7204 384.9529
1977.352 -86.39137 389.6427
2087.733 -63.1643 374.823
2016.336 -147.6097 418.5836
2148.302 -157.3215 392.9392
1987.335 -107.1007 380.2863
1897.97 -68.50909 417.4251
2011.363 -151.6521 467.0063
2128.612 -62.20868 350.0587
2125.574 -150.438 424.7132
2009.541 -72.76547 405.2821
1870.19 -93.99281 404.3464
1886.369 -147.9648 445.057
2007.237 -25.44584 394.8095
2033.559 -128.2944 422.161
2122.023 -83.13393 408.6446
2063.261 -153.6317 390.1104
2114.287 -144.4685 405.4411
2034.498 -79.85584 374.7912
2159.094 -79.17171 435.5314
2042.148 -96.73604 401.4363
2065.025 -93.9914 423.424
1927.395 -43.6475 367.0137
1979.602 -69.41671 390.7668
1865.319 -31.01121 365.7533
1833.714 -48.02389 417.4177
1986.291 -141.0624 424.429
1895.13 -72.7835 409.8708
2094.549 -110.7302 382.1122
1983.801 -70.37358 444.7553
1899.688 -126.803 386.5923
2085.323 -172.5355 419.7341
2076.102 -87.08978 409.1393
1924.066 -104.3473 386.4933
2118.614 -76.45065 394.775
2075.194 -129.4017 396.6917
2101.402 -103.2831 412.7689
2069.449 -153.2343 384.0749
2299.274 -125.2738 379.7784
1926.68 -82.79569 413.8011
2052.122 -71.08976 357.0453
1960.81 -67.19871 404.8397
1996.439 -47.05121 399.8922
1917.227 -42.51547 379.1417
1934.255 -40.19341 362.4799
2055.424 -106.6783 385.2853
2070.351 -71.25495 465.0448
2014.16 -42.94756 370.4283
1959.513 -100.5451 389.3036
2115.053 -41.65428 382.6439
1840.622 -98.96528 405.7703
1941.58 -126.7716 387.3134
2154.493 -109.6884 372.754
2092.787 -127.3037 407.8203
1917.125 -29.65687 368.8487
2058.374 -103.0741 385.2026
2061.484 -60.53164 349.6759
2102.399 -90.09284 409.1831
2027.064 -75.3148 391.1577
1825.791 -68.12942 411.7568
2111.54 -83.07939 406.6641
1876.235 -81.19939 397.3568
2155.367 -76.08442 387.2386
2045.257 -66.5791 439.8138
2019.763 -122.0981 407.3804
2260.632 -148.3242 409.0135
2088.287 -79.37036 415.3869
2102.729 -131.9687 405.3328
1906.604 -92.62236 348.8346
2068.678 -106.2193 383.1581
1813.589 -51.95547 377.9287
2209.202 -142.3314 357.974
2244.462 -93.17471 374.0437
2031.758 -122.7412 391.8476
2134.752 -172.4502 401.0192
2071.692 -81.93656 384.4126
2173.248 -129.412 429.2863
2073.586 -57.8136 421.1126
1859.231 -115.0508 445.5515
2002.271 -97.35481 422.6321
1913.992 -153.0892 367.0706
2068.264 -33.99473 421.0983
2113.253 -89.16894 363.8963
2054.557 -31.1513 417.2151
2037.005 -69.56626 385.6565
1878.314 -129.8794 359.646
1931.675 -79.25196 396.801
2038.162 -150.5217 387.2436
2189.089 -126.6003 428.0083
2124.618 -61.4759 398.2768
1892.149 -33.507 426.4922
2045.666 -86.46887 370.1795
2002.976 -81.93632 376.4694
1903.447 -77.55369 389.3679
1967.399 -81.08131 386.141
2045.067 -121.7952 383.2892
1968.045 -92.07822 406.5048
2128.893 -167.2876 427.0762
2144.793 -87.66016 362.6749
2136.447 -161.5478 442.9188
2005.124 -168.8753 398.4494
1964.539 -90.70916 398.0823
2202.224 -102.5035 363.9478
1974.584 -47.15044 385.6859
2109.964 -106.262 403.3951
2210.506 -113.3447 428.4224
2111.09 -106.4524 349.2397
2083.803 -18.43732 407.1022
1974.228 -55.64746 426.7769
2065.703 -148.3287 373.5675
2028.227 -136.847 401.3992
2150.409 -117.1119 432.5829
2171.811 -40.02594 403.4023
2046.71 -129.9388 364.4921
1899.144 -105.4246 357.5737
1974.072 -86.6378 364.3192
1948.277 -132.1741 411.6036
2092.401 -36.28483 364.8967
2016.276 -94.90162 414.1485
2143.22 -139.6337 412.5879
1971.672 -123.6007 401.0517
2039.711 -36.5697 347.8395
2155.539 -99.90406 414.7598
2035.125 -91.53386 369.9257
1990.42 -159.4613 436.114
1904.173 -100.7389 355.3396
2027.864 -109.3381 426.7077
2000.785 -65.78384 404.2807
2266.925 -101.4735 378.3093
1999.948 -112.2018 397.0785
1897.13 -81.74597 418.8088
2118.667 -144.2087 387.0816
2122.186 -93.7845 420.9864
1848.06 -116.8263 464.996
2251.707 -135.4806 395.3177
2058.963 -129.2175 431.3045
2122.468 -61.30184 384.2814
2083.132 -95.1957 373.4417
2031.851 -90.48798 388.3595
1963.613 -71.27984 373.5323
2075.67 -45.91844 382.7511
2061.473 -121.3541 398.0831
1994.86 -113.8178 426.9023
1825.256 -79.85627 385.5733
2051.559 -84.10594 414.7308
2026.885 -113.336 386.3121
1993.704 -105.1454 396.933
1945.134 -17.50921 377.0075
2024.363 -111.4555 396.9173
1862.255 -66.72197 378.6443
2257.09 -149.0004 376.5148
1974.584 -171.571 398.6801
2039.34 -106.6269 403.6154
2028.396 -132.6248 374.8831
1872.739 -99.93719 397.7742
2204.837 -155.8228 412.7893
1883.679 -108.6241 363.4434
1889.777 -133.6728 388.0051
2110.611 -71.30396 358.9437
1976.359 -107.7138 382.8417
2112.851 -94.18898 406.7094
2060.24 -52.36887 407.9579
2082.177 -74.55666 364.3979
2059.901 -116.6261 440.3279
2237.101 -114.2284 391.7014
1969.886 -144.8158 443.8931
2165.052 -111.4399 394.1657
2148.432 -73.70822 369.4057
2131.935 -109.208 406.5111
1930.964 -43.89935 390.904
2215.272 -140.2965 403.0226
1968.883 6.236861 416.9309
2153.678 -70.70363 377.939
1939.805 -126.9397 407.3884
2254.273 -179.7183 375.5579
2165.497 -71.80258 432.8549
2030.227 -101.5897 382.7139
2029.202 -82.518 408.4205
2049.756 -128.2995 373.3219
2161.116 -103.3904 384.2465
2121.387 -88.87312 389.9656
2165.743 -98.4647 361.1796
2097.313 -73.14552 362.1533
2117.973 -69.6179 369.118
1961.636 -67.98057 374.9566
2093.295 -24.17898 430.1513
1900.639 -102.7944 394.8309
2125.07 -114.2932 408.8936
1972.288 -95.08461 379.6339
2085.329 -155.1877 415.7586
2087.512 -133.4848 397.7178
1973.036 -103.2977 425.1602
2043.275 -99.89774 374.1353
1956.893 -91.04532 394.2367
2131.723 -95.67961 361.2968
2157.585 -158.8692 414.6563
2014.047 -113.3836 371.1701
2054.345 -137.5694 405.3679
2035.903 -90.51421 425.1407
2024.582 -92.02154 381.2476
1925.905 -46.36851 424.3636
2078.072 -56.81211 394.707
1935.131 -119.5566 394.4289
2018.729 -135.0221 369.5127
1982.587 -98.37828 432.8327
2072.069 -167.7983 407.4824
2128.695 -115.4017 388.6088
2194.153 -175.044 419.8436
1987.806 -75.04734 390.7988
2074.78 -137.5758 382.4155
2072.69 -116.0364 391.1667
1946.037 -115.0397 418.3355
2191.108 -67.97846 396.4929
1948.023 -77.80383 396.4571
1960.092 -106.5029 429.8858
2104.691 -117.128 410.3201
2182.59 -39.14378 354.076
2179.385 -138.1861 401.0772
2177.725 -135.1512 399.0355
2159.556 -63.92084 407.8642
1796.953 -126.4676 390.5544
1974.075 -150.2775 415.1027
1882.457 -148.974 376.6269
1976.288 -96.51823 413.9023
2011.271 -136.1303 343.9948
2236.612 -83.05095 420.4326
1877.658 -125.2256 399.4237
2243.991 -98.63851 404.925
1969.798 -25.48925 446.8437
1905.214 -141.6435 367.9806
2166.372 -128.0256 394.5044
2066.501 -97.97132 424.6172
2076.143 -86.11436 389.7904
2121.301 -115.5184 351.6267
2172.875 -113.8433 408.6258
2073.345 -119.0181 363.1721
1957.483 -103.9514 352.9841
1832.659 -64.91856 358.3732
1913.922 -89.86849 457.2967
2118.102 -157.3111 391.9498
2088.841 -114.3438 398.5593
2189.236 -130.5998 413.6569
2218.59 -181.0634 356.2577
2021.18 -125.7143 412.1788
2084.03 -87.37757 392.3395
1960.91 -134.3079 391.1536
2084.143 -121.4205 369.3276
2167.385 -76.32373 387.601
2168.801 -31.88367 387.7736
2154.258 -82.67415 368.6027
2081.843 -144.3359 394.4954
1996.41 -130.0024 408.5897
2014.173 -75.70404 371.2202
2130.56 -61.72248 438.1159
2034.306 -102.0665 372.4277
2098.139 -93.57539 425.3505
1919.016 -151.8639 412.958
1967.871 -146.9713 396.4618
2014.326 -174.7442 410.7714
1968.58 -106.4069 394.0122
2056.645 -78.1592 365.034
1957.309 -88.83242 422.8347
2003.298 -86.45691 411.5433
1984.289 -91.71049 447.1516
2052.861 -138.6939 388.0195
2155.859 -83.95035 415.2985
2020.566 -123.3763 393.6149
1882.997 -92.54854 374.743
2079.243 -121.9055 381.5529
1960.028 -67.86402 395.3629
2081.732 -59.03636 387.8502
1941.981 -46.02205 407.976
2219.332 -125.3923 428.7133
2161.253 -189.5217 414.7722
1895.825 -91.77746 369.2102
2098.46 -84.28306 406.6683
2159.426 -120.4381 397.0866
1982.739 -112.8354 410.9884
2103.515 -84.72104 428.4262
2025.122 -99.17874 375.7833
1914.334 -113.9153 414.9715
1920.952 -18.72096 398.7851
1926.678 -117.1952 376.7314
2015.813 -78.9712 395.1665
1991.622 -160.6358 447.5773
2045.46 -120.7604 380.3572
2085.681 -106.933 402.226
2038.567 -48.05067 385.1552
2011.865 -4.449813 380.852
2077.748 -130.0542 419.9397
2003.49 -77.2404 422.1252
2222.068 -97.65204 414.9231
1887.971 -102.7894 392.3419
2024.05 -99.93077 429.692
2052.143 -68.96056 375.568
2193.039 -154.2176 383.0407
2061.145 -92.50884 418.8909
2019.623 -132.5618 427.2874
1916.959 -143.9543 380.9065
2188.073 -217.5358 400.9877
2127.07 -225.1524 472.5413
2002.776 10.7346 391.7053
2105.766 -166.1522 395.2903
2190.017 -150.476 436.2925
1950.768 3.227033 389.6194
2156.921 -134.6607 378.6922
1899.914 -75.72661 337.3691
1944.401 -176.8355 396.3857
1900.859 -131.3214 365.5989
2054.142 -83.63402 419.8802
2127.75 -129.2529 439.3971
2096.21 -146.643 406.5335
1896.016 -71.38625 392.6839
1978.281 -102.3647 371.0744
2044.052 -159.5418 384.8563
1957.96 -37.31778 379.4009
1966.102 -146.9662 407.8521
2142.108 -118.4338 381.1794
2031.276 -128.3322 397.091
2038.61 -130.1133 393.0547
2096.44 -194.4119 392.5834
1904.04 -85.94059 395.7718
2176.142 -68.07101 402.0997
2066.175 -123.7525 417.7877
1953.819 -76.01693 378.4371
1965.65 -57.73568 390.7022
2063.828 -131.2431 404.9083
1983.041 -92.27974 388.9363
2158.503 -70.76093 425.5559
1926.74 -143.3187 389.5331
2047.263 -144.2973 411.4462
1999.492 -170.6075 345.3623
2096.216 -117.5639 371.381
2185.028 -125.4739 404.8005
2062.242 -95.87932 432.9892
2043.759 -124.4188 399.7459
1878.047 -116.5276 429.5062
2028.616 -241.4914 431.8866
2246.378 -107.8401 364.0849
2194.92 -129.2355 456.7341
2145.157 -168.5904 411.3334
2113.828 -96.062 374.6441
2015.938 -113.0766 407.3675
2052.481 -83.70472 419.0417
2060.632 -112.4577 411.9366
2156.86 -111.054 384.3889
2184.243 -130.7666 411.1659
2101.056 -67.57388 371.4647
1960.451 -144.1984 367.9008
2147.609 -163.6927 401.0323
1955.098 -111.7758 438.3512
2119.17 -119.9931 390.3606
2056.827 -144.9712 404.2804
1928.979 -96.93308 360.6488
1967.841 -112.9116 444.5314
2011.108 -89.80907 356.2492
1991.988 -121.6586 372.952
2199.266 -103.8749 376.3297
2130.91 -135.7858 381.6172
1813.667 -110.8304 389.6651
2217.749 -50.62976 388.6282
2103.789 -101.3072 393.4467
1971.466 -152.4025 395.7359
1980.297 -40.69672 386.4745
2007.583 -75.66738 383.4087
2161.139 -102.8156 370.2061
2147.59 -102.0591 403.1781
2024.432 -83.37733 384.5612
2113.437 -105.5811 389.3688
2155.63 -137.6527 397.5069
2186.637 -125.1398 377.9317
1904.157 -145.5096 403.0204
2044.956 -63.92055 366.5361
1918.853 -79.02093 389.8147
2082.607 -95.56141 374.2713
2090.485 -90.80569 397.1072
1986.015 -117.7852 416.4775
2092.12 -186.5693 444.6713
1925.587 -147.0759 439.7247
2147.281 -118.5837 388.2689
2152.279 -103.5801 403.9634
2176.364 -115.8858 457.5535
2017.36 -81.40846 373.8679
1958.824 -71.38132 378.1593
1996.802 -102.4331 365.1369
2027.642 -117.2083 412.5014
2166.827 -123.6673 395.8178
2033.732 -102.8741 423.1611
2069.72 -73.80521 362.7394
2035.27 -117.5589 381.2823
2077.268 -113.1666 350.8317
2060.894 -123.9831 358.5028
2025.366 -100.8545 365.4923
2049.061 -23.29909 372.7938
1871.295 -80.34834 413.16
