3471.671 364.7403 622.157
1544.095 537.6943 554.6552
2777.82 2070.472 2304.968
1854.607 773.8112 633.7936
1618.525 640.0291 596.5762
1584.9 832.3745 768.7354
1643.21 585.5434 786.4705
1093.084 460.6015 649.801
1783.748 988.3809 850.4911
1810.248 937.8753 756.3066
1802.841 1003.439 838.5835
1557.317 803.2343 711.5914
3253.503 1880.824 1809.191
1068.679 736.1021 1302.686
1530.061 652.2521 517.4364
1365.323 724.0261 810.4931
1585.16 650.2717 679.8815
1850.29 771.3493 571.314
1268.124 535.9891 538.4288
1883.263 914.9914 925.2911
1826.187 948.0965 877.2034
3180.315 2144.741 1810.471
2370.375 1108.526 776.0186
2792.153 1363.158 1025.412
1001.869 590.3038 857.9253
1396.747 679.5139 595.7343
859.1623 369.2338 610.8494
1847.699 775.8729 846.5503
1480.906 498.9881 525.4275
1263.032 422.6387 403.5735
1573.275 881.1191 888.3649
1128.457 722.3736 1159.106
4818.878 1836.806 1236.834
2191.184 1154.511 915.5616
2947.913 923.0222 597.6893
1992.749 961.6769 900.69
1447.486 673.9707 655.3372
2040.382 1450.688 1359.484
1547.246 557.6503 620.3413
2303.517 1191.91 870.6296
2807.833 1303.2 1038.098
2509.078 1104.68 957.1849
1264.035 675.0389 940.4203
1310.226 480.5471 674.9314
1201.927 692.0325 879.5607
1687.931 1152.87 1084.78
1060.263 488.0519 737.1029
1605.11 674.309 726.6876
1492.127 546.2833 428.7477
1128.299 536.5195 477.0168
1218.655 346.8658 534.4552
1291.746 735.7635 803.6444
1308.705 807.3942 859.0858
1697.797 926.3769 880.6057
974.5648 324.5754 454.7472
2163.345 742.945 666.4953
1426.674 554.2575 511.8972
1537.842 506.5373 614.8568
1829.944 1058.961 841.773
1248.693 618.6384 712.8956
1752.493 921.6772 886.2554
1542.474 777.4979 632.6417
2012.343 1165.447 1054.176
1706.131 700.1863 503.0388
1248.053 674.0504 686.1282
1577.065 975.5083 1023.046
1847.529 783.1216 703.387
1040.73 690.6625 757.6938
2520.197 1080.019 875.8366
2274.337 1200.998 1224.081
2482.819 1213.851 1004.919
1832.475 711.2366 753.3587
2863.514 1328.489 980.2375
1291.81 638.3004 592.0764
1641.056 1051.936 1042.678
1555.44 811.4053 651.8702
1441.203 912.296 1029.799
1187.881 608.2594 591.6275
1970.761 916.1304 843.4553
1526.546 658.2396 1092.66
1458.168 752.4444 696.925
2587.364 1384.433 1073.239
1964.932 987.2072 1240.71
1468.592 764.2569 772.3276
2018.672 1646.606 1873.164
1637.701 983.1914 884.9266
1692.619 537.9046 476.8165
1359.812 385.8363 691.7777
2653.093 1061.086 725.1747
1616.518 916.7802 937.7166
1556.593 929.9528 879.5831
2407.56 862.8371 882.4794
1304.575 712.9175 807.4915
2032.354 1082.929 908.9963
1073.933 678.5185 941.8308
1239.687 725.6005 927.7506
714.4889 372.6799 687.1482
1792.542 979.6917 973.3106
1505.177 668.0434 777.5428
1185.945 386.4592 669.2957
1462.135 817.9753 894.7982
1733.025 700.0781 544.1943
1108.341 654.6311 918.7477
1462.285 614.3681 522.0048
1783.099 1033.41 1029.333
1773.548 992.4209 823.0258
1146.313 640.2592 580.8267
1650.931 685.9165 582.1976
1074.151 704.4365 1021.165
1030.486 406.2802 496.2918
1581.227 787.5801 928.8074
1631.641 990.5998 944.5293
1761.546 634.4356 573.1111
2013.901 1193.053 1029.305
1082.16 670.2237 916.7502
1969.208 1119.364 1065.086
1267.729 717.3523 1105.81
1213.239 514.9262 469.464
2187.255 982.2976 757.4439
1814.387 689.4653 609.6449
1381.788 696.1692 821.018
2220.96 993.0928 781.284
1697.53 1014.352 1031.302
1952.951 1162.514 1226.393
2429.208 1273.498 1065.768
3820.764 1904.468 1225.948
666.8912 325.5396 732.8157
1271.04 388.7726 1207.041
926.2488 369.0882 527.8487
1073.613 400.5484 426.5427
1422.466 640.7001 560.4323
2970.322 1059.664 832.3739
1567.932 559.7207 549.002
1620.347 961.6877 915.5761
2218.527 1040.01 756.9194
1578.124 815.2934 1007.395
2044.988 928.3569 786.361
1181.817 457.2867 750.9292
1534.402 434.1069 552.2902
1660.781 962.1539 873.5413
1359.5 751.4158 674.8318
1561.393 741.5942 820.8328
1994.04 980.3499 895.1439
1372.541 690.4265 819.0418
2046.188 626.2154 475.7495
1402.211 566.8938 625.3156
1993.057 660.3508 585.3393
1471.092 791.2084 738.5248
1233.989 579.2383 764.8491
1066.106 766.1942 1002.644
1748.52 1048.989 912.783
3138.672 1180.419 775.9528
1831.853 778.3742 595.0769
1968.546 857.3581 819.2762
1221.464 662.3452 1101.516
1777.943 669.2574 581.7321
1433.377 860.2366 869.1544
2623.83 1341.678 1014.25
934.9808 520.9504 709.4039
2433.966 1394.807 1174.579
1702.869 801.9549 671.5037
2715.19 1325.82 1350.301
735.2841 202.9072 417.3353
1949.122 907.8479 679.2664
1237.027 646.9539 749.5883
1070.869 543.6397 592.9899
1200.427 571.3752 650.497
1069.883 504.6319 692.6751
1018.7 446.5618 749.5474
1827.913 1326.353 1397.297
2620.466 1562.322 1287.467
1988.253 972.0403 925.6501
1331.292 632.1759 762.1819
1703.152 867.135 888.442
1585.972 936.2499 779.2153
2035.214 869.3654 1238.772
1055.613 597.2234 863.9845
1343.92 675.2044 733.3237
1275.852 542.365 577.9992
1068.875 346.7342 673.8485
841.8607 384.2372 683.6039
1864.994 641.0523 618.2586
1853.851 1034.548 829.2598
1739.011 681.5055 471.157
1421.566 886.7214 978.4605
2003.793 672.3009 576.9568
1401.202 823.531 738.9627
1199.363 733.3614 720.9515
1548.242 881.5569 738.548
1320.79 766.6894 787.778
1346.407 464.4614 872.6212
1629.363 667.1307 657.756
1439.004 884.7095 1055.162
1270.316 789.0363 1025.415
1289.771 544.7197 538.4506
2985.405 1663.435 1280.684
1209.22 762.7377 886.1347
1037.179 507.2929 694.7337
1080.534 401.6272 520.5933
1621.794 842.545 943.7508
1623.002 656.9636 641.1113
1009.572 464.8204 704.2597
2160.9 726.4049 541.6798
1320.311 596.3058 886.637
1382.017 540.5157 703.7626
2431.08 838.3422 548.7805
2134.86 801.2703 534.7792
979.4601 646.681 697.5952
1240.663 583.6497 600.5788
1499.764 917.5769 1148.474
1130.696 562.1335 578.4695
1136.528 497.8807 568.0739
1612.798 626.2626 777.3246
920.846 465.7165 881.1128
1181.71 498.8911 552.7141
1093.791 431.0562 546.6842
1706.72 826.7912 715.9053
1429.987 790.3778 962.8882
1537.232 899.1717 766.9647
1922.421 716.9567 542.037
2132.4 1381.753 1258.162
1129.816 378.1415 460.1751
1005.937 596.5589 666.811
1156.297 615.2905 670.468
1184.688 516.2443 548.5397
1459.909 937.5783 1116.408
1037.772 547.9618 565.3071
2594.709 876.4884 638.7366
1263.279 275.574 577.2623
2253.62 898.8 615.1298
1316.407 645.2206 559.4751
1333.886 620.104 546.9644
1563.921 760.3964 674.3442
1833.473 621.7057 435.511
919.289 469.4808 481.1354
1436.894 809.1912 723.4816
2580.257 1378.797 1037.109
810.186 420.4354 743.1691
825.1966 404.8574 875.6961
1526.24 645.2628 643.2587
936.1175 457.7036 480.6918
1669.865 1064.499 954.2079
1126.315 329.3059 774.3764
1957.743 1084.246 891.2025
1036.428 547.6337 631.6268
1608.616 860.9329 725.6654
2127.741 1046.977 947.1087
1604.333 446.3302 716.1729
1411.053 513.3585 532.0041
2070.117 563.726 483.0404
1226.6 632.2022 612.1338
924.1387 359.1742 424.9196
1592.236 923.3786 781.7605
1765.342 982.6436 927.5988
1617.581 727.9642 663.8322
1462.648 837.2635 735.879
1631.977 893.0945 988.8132
1645.52 878.5674 729.3993
3016.245 2007.562 1636.346
1750.235 678.1615 678.6334
3585.1 1879.375 1363.31
1797.052 1235.35 1278.003
2094.988 1287.6 1082.402
1813.659 988.1945 896.3769
3355.901 2039.585 1504.694
2751.207 1569.898 1238.812
1931.911 1056.019 996.2538
1421.301 883.1778 1070.654
2133.354 874.4429 637.8868
1802.844 743.556 871.6348
2016.505 1325.466 1242.44
2483.98 1346.068 1035.508
1467.7 857.7254 915.3455
2006.159 1058.598 837.3428
2648.307 1116.875 1132.215
3208.336 2014.96 1894.38
1261.771 640.2777 734.8236
2049.426 843.2307 630.8373
1563.526 578.454 565.7399
1490.13 588.3797 797.5556
1355.671 672.2549 656.9381
2517.523 1452.718 1148.012
2333.273 1080.864 778.8098
1709.263 716.6934 654.4349
2616.223 1189.704 934.9484
1530.668 325.4398 676.0511
2969.985 2240.055 2013.686
2079.028 1488.729 1502.865
2286.785 1081.093 789.704
1300.783 674.6683 640.3051
1549.758 900.6312 812.2887
1129.942 150.7206 570.3138
1515.663 689.6023 592.7906
1477.459 908.9802 854.8365
1925.94 675.3935 734.7152
2065.058 1335.787 1279.437
1099.637 430.6678 589.5239
1054.048 381.6191 606.0822
1239.755 698.9313 613.9872
1980.283 788.2571 613.2536
1639.054 609.842 558.6392
1886.299 800.135 761.9721
1287.396 688.9255 716.7649
2118.857 861.3393 792.5033
1774.014 362.1851 484.4608
1359.439 599.2804 564.6498
1382.114 519.5201 516.1064
1553.765 774.9765 718.3329
1646.878 843.856 935.8788
2353.64 1133.644 898.7646
1845.903 820.0574 610.1541
1673.748 661.8909 483.4883
1696.292 551.8677 597.0711
1626.118 588.7708 631.5396
2099.009 583.2888 641.1928
1820.609 745.0306 656.256
1234.026 881.231 963.4183
1582.463 577.1889 602.6795
1050.008 488.8388 620.7923
1674.795 677.5902 730.8792
1882.52 830.0209 572.5629
1296.984 494.4667 514.6256
1831.403 998.126 878.0572
1824.275 1040.912 927.3645
1940.923 986.6409 968.979
1774.249 979.5682 1195.324
1610.343 1103.72 1140.166
2736.07 1805.962 1583.891
840.7341 473.7891 974.4801
3987.631 2590.425 2188.256
1582.124 909.627 886.4831
1727.027 995.9648 950.7364
1721.876 883.5677 968.4165
2487.953 1194.895 1085.694
1564.632 753.8765 707.1147
1461.311 970.417 853.5493
941.5928 416.8439 442.6478
1746.24 585.7481 907.1772
1543.32 590.146 548.7004
1982.67 914.607 715.4454
1582.068 880.5134 814.2795
1531.1 950.0612 1035.513
1386.187 782.0016 817.3113
1754.348 772.0134 724.1755
1521.018 865.6444 817.5976
2201.768 1395.475 1374.299
1434.053 817.4598 948.7458
2283.529 1188.711 1015.695
2156.063 1086.7 1014.383
2010.945 480.1073 668.1699
1781.461 970.8877 941.7018
1494.67 787.3545 748.8185
1569.513 1027.123 981.7019
2035.487 986.5254 741.7353
1169.254 570.5698 732.4191
1152.024 381.2068 617.2532
1706.019 814.5113 655.6273
2074.53 1049.954 977.3448
1387.263 608.9403 706.8732
1433.949 918.0755 873.0591
1570.459 778.2846 712.9407
971.0799 473.8062 823.596
2065.935 1096.974 965.8668
2464.193 1163.836 756.7995
2341.249 994.9169 685.3435
1875.394 1128.695 1057.636
1527.426 1095.834 1501.6
1809.881 1122.643 1090.981
1452.148 607.3919 763.5477
1860.3 1015.362 1205.257
1063.015 481.504 998.7234
1881.542 1112.313 1109.773
1577.262 899.3393 896.1946
1751.389 856.4959 790.3549
1916.839 1166.484 995.048
1329.558 689.3607 976.6742
1551.452 699.4038 607.6527
2797.754 2055.041 1712.073
1007.064 475.222 714.514
2142.17 986.728 882.1534
1822.962 1476.389 1972.031
1117.34 620.8821 767.3208
931.5925 537.7728 821.6024
1798.892 780.9261 998.1438
1570.668 700.2776 748.5624
2515.447 990.9255 738.8942
1736.189 765.3015 1111.822
1036.488 436.4839 607.6257
1870.351 869.2546 763.5898
1899.839 823.4179 653.7287
1130.901 537.8976 992.9963
1418.674 796.1292 953.0084
2989.384 966.5281 819.1277
2006.115 671.0029 497.1964
1323.785 581.1424 650.2718
1267.429 499.9454 612.1045
1710.621 757.4938 866.2706
1262.416 653.9417 815.8758
1411.372 770.5054 808.6635
1342.037 682.4384 510.6018
1356.267 762.9438 877.2459
2241.109 1533.307 1382.237
1460.621 973.6441 1171.912
1900.238 1291.886 1358.056
1922.001 1262.737 1026.71
2038.134 635.8391 448.4712
1605.519 901.6846 749.8609
2317.574 1250.975 1043.841
2406.23 1377.19 1003.12
1294.913 434.1969 459.5341
1514.246 769.8359 758.2919
1407.82 771.7758 842.5436
1808.966 1445.33 1875.914
1523.789 762.265 1139.359
1299.316 357.9111 411.9782
1131.532 474.8178 731.6049
1468.068 605.4791 683.9983
1088.311 611.2008 794.4579
1410.542 628.33 610.0977
1317.896 609.6799 577.4556
1104.295 611.3862 558.2883
1604.706 699.878 655.468
868.9857 264.2209 446.7052
2708.839 1162.646 969.8889
1621.485 736.3948 703.0773
2302.782 703.6945 618.3401
1680.349 1100.976 1024.811
2322.116 1017.957 943.1407
1251.012 436.2501 686.3265
1521.855 718.0942 617.958
2786.492 1000.888 739.144
1819.834 846.4555 628.0746
2984.6 1267.915 942.9814
1313.394 305.2819 347.8804
2894.642 1084.124 850.6751
1490.866 770.4555 608.3717
1582.35 917.0007 967.8273
1370.779 809.2173 717.8536
1762.593 910.5096 760.9566
1682.895 830.4797 800.1022
1044.092 565.844 629.8733
1454.601 769.9115 706.4455
2030.323 1151.25 922.7155
1455.357 797.6314 813.3091
2697.539 1440.608 1221.911
982.8081 667.874 784.4798
1558.088 638.5584 792.2865
1243.852 592.9956 822.1439
1432.736 591.9053 634.1342
2404.877 1056.023 783.4426
1792.977 1211.162 1306.538
1468.279 691.4341 740.3773
745.8078 210.2961 628.8636
1865.06 998.35 924.5283
2346.923 1287.952 1080.213
1113.505 742.3434 813.2314
2070.56 1073.362 834.6533
2177.178 1296.949 985.018
1719.556 949.6229 1004.245
1636.541 747.6635 764.5738
1035.407 413.7208 435.2519
1646.958 860.379 756.7924
2091.374 1171.977 957.7302
1533.158 954.872 844.5952
1499.507 971.8464 958.9088
2572.135 818.8102 646.9946
1529.04 647.8465 701.6095
969.1767 639.7496 749.974
2226.701 1076.561 882.5052
1772.166 687.995 587.7083
1446.48 498.9339 626.6391
1652.064 714.0572 621.9715
1568.13 756.3499 962.9451
1270.809 533.4684 497.2235
1432.98 834.1273 822.543
945.8522 455.3766 441.687
2478.355 1343.853 1005.562
1664.414 679.7607 604.9378
1177.772 436.0099 660.6404
1144.565 514.9728 639.3425
1093.162 576.2222 598.4621
1064.566 515.1474 948.6598
1465.33 733.3245 757.4653
871.4238 502.3403 587.3035
1707.8 878.2232 799.0142
1571.541 731.8724 958.9904
1614.874 864.957 814.9989
1375.16 1015.975 1331.458
1874.023 1151.046 1007.509
1545.334 610.4525 510.293
2085.544 922.6662 746.985
1019.894 590.0119 657.0537
2417.571 980.3456 704.635
1541.68 694.6405 689.4808
965.6901 517.1148 514.4788
3389.616 1983.597 1783.3
2309.405 1149.905 1149.098
1472.626 791.6508 649.8998
1956.639 194.7435 335.0572
1407.378 693.8977 691.9297
1593.154 710.166 867.5675
1434.141 473.6233 349.7119
1679.601 862.7953 760.6782
2750.39 2081.609 2019.724
2026.661 936.2294 807.553
2046.617 962.095 889.8589
1314.835 821.9281 915.8324
2450.322 1246.346 1501.236
1512.857 800.8996 768.3729
1857.107 982.9794 704.5936
1197.868 661.8134 1097.011
1346.788 727.382 826.5108
1701.552 1049.427 1060.887
1607.664 1074.364 1083.205
3032.537 1358.117 1159.515
1388.767 600.66 1158.458
1878.711 1061.39 1003.06
1861.551 656.068 467.7114
1726.7 660.6321 656.4812
3246.077 1182.468 764.9408
1211.577 685.1563 1293.898
1222.692 550.7157 665.6611
1780.976 680.0705 614.7589
1409.153 832.8885 860.8855
1186.972 897.5025 1173.256
1902.965 901.5929 862.1439
1564.063 548.9616 795.2261
1709.864 1031.231 973.8463
1472.118 698.2733 725.9867
2634.318 1188.29 912.8418
3216.54 1558.392 1011.407
1525.83 779.9562 708.6125
1704.601 676.6053 965.1266
1504.186 560.4856 502.4347
2137.536 1037.664 980.6035
1906.377 677.8839 1114.673
1633.548 829.9106 1085.754
1724.516 857.7869 752.8399
2781.911 889.2478 540.0665
3246.748 1235.661 832.1261
1351.676 705.9436 791.1841
1097.355 752.1645 902.3528
1606.679 727.241 649.4307
1402.042 705.0564 1174.84
1203.78 591.2301 579.8578
1493.05 626.3784 576.7069
1892.745 837.3634 805.6734
1080.305 378.3539 656.3294
1583.797 776.6293 741.1911
2017.672 1119.145 1019.702
1748.93 1002.046 919.3147
2371.981 1300.469 994.9884
1982.45 734.8751 872.7016
2008.034 784.5288 659.4603
2844.714 1905.828 1707.951
1585.401 799.8904 734.6925
1159.904 563.4475 608.8957
1225.124 815.6004 1472.546
2005.979 1341.089 1206.371
1623.37 783.5057 731.8938
1034.438 516.9995 523.6457
1443.915 588.4313 737.4772
2249.139 1136.137 811.8221
2467.692 1483.22 1304.821
2245.593 753.8883 655.5444
2087.445 983.4625 791.3056
2010.352 657.8924 517.7015
1340.191 545.5045 758.4037
1402.647 266.518 778.6054
1091.932 543.6524 585.948
2785.1 1814.884 1646.151
1358.596 877.32 1152.89
1180.265 657.7585 1019.527
867.6608 546.7111 701.9916
1245.646 477.9726 636.4547
1749.48 890.2015 831.6397
1699.697 839.4669 959.9538
1525.438 707.6344 598.5941
1276.732 377.2989 426.6688
1842.414 947.9018 1112.093
1160.533 579.0767 532.9141
1283.405 615.9678 751.9897
1096.367 700.4954 709.8407
1857.832 761.4644 771.4134
1132.978 412.3372 519.6712
1750.426 976.558 1044.552
1988.103 889.7403 770.3626
1410.351 635.0951 873.879
2910.295 1618.331 1127.667
1455.458 700.4836 615.0092
1278.918 637.5996 721.8311
958.1322 463.7877 512.919
2059.645 869.9218 583.1085
1160.623 437.8811 591.1396
2893.134 1426.751 1161.283
2019.864 779.308 691.7081
1469.438 630.161 560.9765
1230.112 630.4757 588.688
1593.925 788.0762 786.5713
1650.792 883.6304 722.0805
1972.051 865.985 655.6901
1266.787 495.8253 481.7062
2035.953 1235.744 1183.257
2085.664 1584.474 1554.769
1161.248 611.3984 719.9607
1230.642 742.6237 837.2038
1168.822 314.7065 407.0291
1142.215 615.0095 589.0088
1423.366 979.3203 1214.871
1630.189 706.024 689.3772
1542.994 825.6167 668.1671
2172.069 748.0123 564.4848
1719.416 652.3104 642.9803
1382.864 635.6583 976.2896
1391.981 924.0719 1007.822
1842.242 1167.196 1169.959
1958.335 637.5029 470.5543
1548.148 976.5825 1198.449
859.8268 352.0669 500.01
1534.979 488.5113 606.3021
1727.201 653.4164 733.4849
1340.936 470.9435 584.5418
1520.637 819.0863 903.0647
978.6795 480.9273 752.0242
2689.293 1406.123 1244.254
2167.776 1221.795 1125.096
2101.547 1251.039 1009.139
2434.878 1720.031 1632.027
2575.425 1512.542 1469.61
1606.469 831.8693 648.3331
1192.21 399.4724 498.2057
1285.829 683.8297 717.5842
1201.028 703.8083 779.3564
920.1691 409.3415 556.923
1530.342 740.2285 673.6939
1035.803 450.116 626.8249
1880.94 702.4038 563.3948
2639.95 861.0939 598.1032
1417.509 762.5554 684.7879
1700.941 888.3253 766.9968
1636.057 783.4703 778.5387
1715.799 796.8845 1013.561
1884.581 1000.517 796.1616
2097.641 957.6777 825.9725
1866.669 952.5527 754.6327
2325.228 1609.124 1537.141
1786.945 897.166 859.9705
1199.565 161.2577 656.6493
1681.376 991.8374 1073.988
1946.281 936.1621 974.4403
1295.634 504.075 517.7634
1737.201 605.0846 668.8952
797.3534 391.1772 389.852
2404.554 904.3111 988.3151
1901.663 913.6747 858.1236
2118.28 1349.784 1211.956
1036.291 745.4272 1000.15
2437.072 1099.635 752.9187
1992.711 781.408 657.5833
1814.3 869.5973 906.6884
2994.387 1090.235 1132.953
2078.666 780.8451 654.5414
1726.287 592.128 548.0576
1755.19 608.7031 671.2095
1243.167 515.4337 602.6901
1293.114 956.4691 1088.721
3361.111 1691.91 1164.667
2238.845 1466.79 1173.186
1372.597 611.1639 604.2225
1245.418 542.0934 495.578
2334.867 956.2074 934.6487
1824.806 755.7402 700.9512
1724.525 744.0441 869.6707
1192.293 427.8052 645.0187
1099.811 437.325 491.0606
2584.217 1594.661 1371.41
1118.044 616.4427 778.4515
1656.702 454.3128 487.2202
1719.307 828.4316 803.1497
2598.72 1362.449 927.3698
1915.831 1007.769 872.6382
2963.919 1323.379 865.8098
1280.952 515.9725 592.8236
1476.95 970.3028 1081.823
2635.859 1980.459 2008.199
1329.285 1066.605 1276.085
2031.081 1092.042 818.3783
2032.107 1266.054 1306.454
1515.439 546.0564 746.2042
1071.882 463.9045 505.1678
812.7508 647.7122 951.9754
1020.606 364.2888 540.3635
1439.005 697.8604 802.6048
1355.842 708.4237 700.7857
1442.616 784.027 866.8852
2006.353 1423.491 1444.978
1238.008 499.0843 515.0531
1826.321 999.8053 886.9694
1597.52 916.2351 786.181
1779.385 1009.802 1084.514
1152.022 497.2291 617.1057
1029.672 494.7641 645.1681
2641.455 1286.869 993.6306
1770.448 797.8996 710.5769
2091.965 874.0139 665.2754
1636.173 752.0209 621.3753
1744.561 813.7141 772.753
1095.984 634.4472 585.1369
2645.146 1053.619 1156.15
1326.527 811.9423 907.8482
2249.26 1806.687 2076.086
2270.834 1237.221 938.5775
1845.082 1068.293 1009.091
2159.141 959.7095 712.2729
3470.994 2149.521 1649.02
2891.657 1469.9 1125.996
2369.06 1740.533 1580.111
2832.189 1435.056 1416.35
1580.557 934.4446 1154.394
1306.38 770.9618 1766.469
1558.511 911.5936 1300.954
1218.019 671.9977 1145.662
2223.991 1138.271 1003.826
1064.914 719.0471 902.7401
1394.411 826.6018 892.6889
1890.988 714.5049 941.802
1422.538 1164.784 1387.91
1854.555 1294.504 1553.413
1777.246 940.5564 766.4362
1507.28 934.8036 916.0359
1977.652 965.3283 825.5065
1237.847 577.7923 626.3273
1533.497 613.5411 594.6746
1635.969 1395.902 1569.004
1514.598 690.4503 558.3175
1096.907 629.8279 802.7673
1102.334 612.738 746.565
1941.741 940.7399 679.7746
1809.239 753.2949 770.7063
1536.435 995.6187 1327.122
1033.369 479.7887 678.8188
1593.107 655.6697 583.4527
2203.951 1029.222 764.3233
1524.323 515.4886 471.1086
1407.025 852.7287 830.7101
1037.06 440.9496 566.505
1324.521 742.7339 839.0268
1986.114 928.2105 946.7979
1100.98 710.8271 996.9993
1975.629 954.2532 943.9375
1136.786 238.4505 492.2277
3261.124 1048.332 673.056
1628.863 736.2555 879.889
1741.704 901.9666 819.2042
975.7812 510.4856 791.0467
1210.301 379.9715 472.5763
1513.203 856.6282 776.4717
1778.082 1405.473 1468.685
1121.376 526.0908 692.6767
1751.425 906.7716 833.6749
1272.492 721.06 780.9075
1479.539 526.7087 560.2358
2407.571 1450.285 1176.645
2286.349 1131.633 897.0561
1424.532 678.5752 662.5651
1385.837 1085.673 1413.081
1309.503 824.2222 879.3412
1295.346 494.5214 679.6677
1091.644 646.6437 682.3053
4793.197 2434.175 1535.909
2551.465 1426.424 1062.175
1767.838 942.1508 806.6922
2255.257 1163.591 915.8466
1697.344 1230.973 1266.505
1621.407 854.275 693.6591
2984.236 1668.309 1201.125
1097.118 474.4244 762.5847
1163.853 451.5354 603.4256
1886.006 1061.111 992.8285
1377.794 697.2403 542.7056
3152.899 1448.78 1204.589
1335.337 795.2729 764.8786
1333.563 682.3933 763.8924
1520.807 783.2613 798.6967
2042.507 959.2421 839.258
3621.856 1622.949 1144.725
2543.996 1134.47 1004.762
2572.791 1254.964 907.1351
1706.347 1006.661 933.5016
2094.402 1088.702 975.7037
2077.098 1230.54 1050.111
3161.57 1383.417 1001.175
2074.664 1144.496 1141.704
2111.236 1218.672 1125.463
1356.85 645.7904 734.0899
2512.714 1808.944 1798.188
3527.013 2758.51 2620.04
2493.38 1524.87 1410.253
3403.516 1994.744 1569.755
1867.019 1006.11 1226.086
1009.496 488.5688 580.4418
1703.143 1020.289 1243.578
1768.853 1076.603 1415.06
1778.492 1077.461 1165.847
1402.961 636.0859 742.4751
1345.528 713.5153 577.2441
1439.222 487.2739 709.8421
1492.195 733.4133 772.965
1142.398 510.0792 508.8912
1678.945 646.0537 790.4159
1830.358 475.5748 643.1011
1631.542 995.4025 1164.449
1772.348 418.6138 573.1723
1388.172 873.0632 1036.758
1371.553 815.4871 798.7668
1106.986 591.98 864.1466
1706.45 1270.128 1235.836
1480.543 585.3882 939.8918
2079.386 977.5357 706.6124
1730.41 693.4455 793.9726
1777.816 1009.08 886.0674
854.2622 483.18 841.9302
1554.136 691.3357 643.7718
1231.978 420.0192 549.512
4690.227 2597.199 1866.666
1373.206 858.536 776.4077
1159.145 373.1587 566.819
1250.296 630.8126 564.3912
2551.732 1083.184 868.8538
1250.162 532.9994 661.5428
1899.146 1095.127 1335.171
1696.669 841.699 971.0596
2431.093 889.2417 622.1941
1542.747 941.6125 847.7858
1995.788 1005.258 934.8895
1183.382 679.9769 889.7242
1371.088 1142.423 1467.508
2928.843 1457.694 1249.634
2026.915 957.5774 714.8757
1508.024 779.7555 1083.997
1199.566 597.084 669.7642
2945.128 1566.266 1236.812
2188.772 641.3655 774.3485
1670.931 441.0951 626.2361
1228.551 522.877 664.869
1456.461 751.6718 734.2336
1611.707 457.3662 548.9652
1027.613 658.617 784.89
1178.739 458.2371 571.5104
1375.884 577.7272 741.0394
2250.798 825.2333 612.122
1217.678 524.4635 607.0676
3616.484 2060.693 1580.648
1241.73 572.2748 800.0166
2121.935 1289.372 1018.022
1646.37 1199.538 1180.689
1315.609 912.1509 907.7188
2422.548 1189.054 900.7688
2012.915 1321.416 1248.302
2261.193 1581.491 1654.074
1963.253 658.364 648.142
1013.296 371.549 438.9782
1515.42 929.5994 1114.897
2639.317 992.5999 897.0369
1846.003 1128.07 1000.649
1282.988 599.373 695.7785
1665.387 1396.349 1717.456
1740.117 805.4901 779.3112
1735.512 821.5087 696.2494
1175.565 603.5208 553.2959
1757.903 1043.968 1143.471
2377.879 1262.775 1016.716
2196.943 1376.86 1199.821
1989.18 943.3197 787.4835
1772.119 735.7811 566.1677
2259.776 1423.894 1189.744
2227.89 1045.395 781.2969
1715.824 857.7819 906.804
1994.983 778.7008 973.2527
1310.915 729.9528 711.9221
1226.404 626.3482 620.3758
2671.413 1193.062 1011.635
1670.853 922.1292 802.5952
1205.448 428.4107 326.5932
1009.518 579.0513 740.657
2546.537 1503.274 1803.071
1674.424 1082.295 995.6629
1292.299 567.3316 575.8041
1280.963 590.6768 846.5773
1415.124 481.1506 508.5069
1814.05 627.0269 586.912
1347.993 920.6206 986.0767
945.9121 467.2495 465.5408
1497.59 704.6973 789.0041
2198.409 1361.446 1287.855
1358.516 708.4818 575.5652
1149.601 604.3913 583.2861
1621.404 667.6689 620.0192
1018.452 348.3918 585.5867
2934.153 897.1037 687.4562
1867.664 577.6513 705.6256
1674.09 870.3215 877.7235
1402.886 506.8736 471.1237
1205.892 706.4236 744.7291
2685.121 1671.12 1208.041
1673.889 753.4039 1016.879
1522.001 884.911 986.3204
1497.633 624.8888 875.5645
1810.41 930.0318 1078.759
1638.841 553.4514 437.8886
1835.972 807.9975 822.3048
1248.813 718.1891 905.612
1143.317 523.5856 571.6741
1107.323 524.8536 601.5053
819.339 368.8256 448.1159
1401.966 616.6469 588.0879
1445.603 555.6971 501.1642
1253.42 659.9001 843.5231
1686.514 801.32 615.3147
1654.808 1015.053 945.6161
1129.508 535.0032 665.8686
1368.93 955.6223 1118.896
2344.177 883.559 697.3058
3356.905 1392.448 839.154
1385.542 760.0117 949.0268
1406.349 533.5511 494.3372
1292.718 814.8599 881.7832
1800.932 910.3912 779.2396
1139.359 814.9107 905.2398
1232.787 504.8954 492.9462
2306.715 1578.731 1549.128
1471.521 672.0903 513.8077
1359.827 684.3616 618.0423
1166.3 469.2049 620.042
1565.754 798.9902 835.6651
2860.807 1671.499 1447.103
1183.244 889.1933 1015.431
1599.341 435.9453 761.8868
1540.355 621.5026 776.2669
1049.528 769.6913 1239.311
2616.579 1350.551 1109.682
2017.366 1220.772 1100.558
1415.462 819.2561 925.2642
1647.913 715.4724 926.6669
1784.768 969.0268 844.6186
1111.948 461.8818 617.0173
2736.806 1491.117 1310.286
1932.802 637.9688 768.968
2537.904 1494.442 1261.609
1032.737 389.7976 538.8556
2040.957 817.2524 577.0758
1902.507 637.4421 502.8651
1330.658 784.9238 796.1176
1360.401 497.3999 634.0185
2241.747 808.1941 606.8276
2232.764 860.9851 763.3101
1915.564 850.5863 845.8527
2050.866 1295.648 1425.491
1137.909 707.0769 914.4582
1188.124 517.8792 906.7748
1273.458 543.174 610.3315
1853.613 1002.873 995.6367
1079.836 642.2198 776.1134
1086.945 671.182 845.076
1209.981 775.4753 792.6286
1301.639 540.5628 538.2765
1580.825 816.1084 845.2491
1456.564 829.5264 696.114
1636.464 1255.709 1410.171
1094.511 355.2304 608.8424
1122.823 595.259 697.6104
1266.584 845.972 855.4547
2239.785 958.0413 747.2892
1431.658 821.868 783.9663
2192.046 912.984 624.1704
1493.867 668.8333 542.653
1918.005 815.921 715.6601
1915.87 1071.455 980.8028
2968.104 1532.098 1043.47
1807.141 917.4364 889.0816
1709.676 904.1807 860.0542
1153.048 542.0182 692.0423
1532.375 795.9248 956.8884
2209.633 1399.597 1314.002
1237.895 655.92 699.4075
988.3228 568.499 874.2706
1313.688 727.5601 712.276
1695.159 943.6508 1020.334
1624.336 874.6057 817.0633
2227.336 1317.31 1324.205
1276.457 1011.683 1154.256
2370.476 1267.256 1161.774
1580.81 1069.645 1133.373
1404.294 913.5764 1115.487
1402.231 782.8194 811.2109
2681.209 1451.166 1107.774
2129.311 630.3036 605.0687
1338.54 726.2576 724.8563
1419.203 842.4778 994.04
1586.16 729.8535 840.89
