3497.756 355.8476 706.6854
7783.184 356.547 1106.65
19305.08 -3066.95 1123.997
9967.326 764.2934 657.3131
2069.962 -252.8787 772.3625
4448.725 17.81879 275.9002
3698.611 -479.7642 220.494
5604.692 471.0695 573.7892
5847.836 698.6555 537.9336
4403.98 -863.1709 1260.373
2512.594 244.594 833.9411
25576.99 -1154.178 750.2114
3872.462 539.5111 786.9835
9822.988 -1289.386 479.988
8679.106 -1511.042 1203.057
6991.507 -120.3829 506.156
3902.81 -288.0355 586.4389
3599.175 48.32267 451.6743
5547.7 100.111 450.2167
4812.715 -528.4952 360.8812
3148.439 115.6716 231.5754
4158.022 -108.373 329.6986
5017.49 -1838.648 2104.902
3573.418 -646.0508 969.9943
5971.51 -400.9394 581.8552
11884.6 838.3952 773.3512
3680.144 -39.60503 286.889
8600.562 -517.8508 634.453
5342.261 -181.4129 1309.32
5100.65 -1127.666 888.3289
5336.327 -540.5165 312.5147
6045.557 -443.7113 292.9915
4091.392 547.9492 503.8868
5851.845 1.106105 375.7309
3114.929 379.592 542.9856
18194.26 2434.394 587.9346
11220.93 497.9018 656.8167
5410.73 -764.3535 621.3737
5444.825 -1011.132 756.4802
17792.4 3782.689 1174.146
3637.219 359.0365 331.8871
4040.617 471.1167 1363.662
4317.418 -29.97836 637.4389
2895.031 537.7733 1118.117
8297.754 -712.7358 246.7608
3523.103 -214.5545 423.5244
4270.845 438.533 591.9832
4421.644 -975.7613 378.2414
3792.823 -227.9094 440.9507
4761.245 225.7587 1031.503
2545.758 -521.0637 648.3364
12661.23 -353.9352 883.9712
2741.146 -63.74549 357.4119
4129.2 -685.0702 1280.929
5543.95 -47.48047 490.8247
2963.689 -326.8454 558.6119
9595.74 -370.4495 274.7608
3659.504 -861.413 1142.811
3382.056 -168.997 363.5623
11185.27 538.0012 631.0964
4290.059 -515.2992 368.9028
5762.638 1418.137 989.7803
9127.072 246.2537 430.1193
4911.647 -557.498 462.6089
2734.985 106.3304 402.2651
8207.128 -1110.322 717.702
10494.7 -1337.113 1437.701
9507.987 2172.744 961.9276
3093.219 -663.5244 689.4347
6869.518 -920.6666 1325.147
6684.814 127.3919 438.2263
7899.684 6.091223 244.8604
8111.566 -1273.527 1909.757
6630.015 -1441.466 836.0594
21340.25 -1275.298 778.987
19685.44 507.4111 248.7955
5603.209 -1723.332 1217.115
2522.991 -11.3016 242.4943
5910.397 -82.90228 161.2681
2743.737 -541.3354 637.4037
11317.56 -457.7714 369.8629
13765.32 -2266.927 1893.473
2250.569 -625.7938 822.8474
5627.252 -1028.19 524.1506
5279.355 -720.1857 419.1888
4402.217 -350.6054 419.8691
9055.84 -2523.582 1562.072
4210.087 70.80424 733.2793
4347.425 -389.6986 942.274
5709.201 -1373.971 568.181
6142.615 -58.78882 335.9896
5222.109 -497.1611 787.1586
9333.144 571.5742 515.2674
7704.613 350.0658 725.8164
12558.07 -253.1908 290.125
8663.05 1947.342 1027.67
6965.293 511.2424 595.0041
2520.557 -1132.934 2011.987
11075.81 -1048.729 688.5371
9754.891 71.55532 313.7466
7791.529 -1162.369 647.7236
15829.25 -1812.928 628.7013
4125.602 206.4036 475.4584
10230.33 -496.6129 469.353
12445.38 794.7181 446.5739
10299.06 1235.725 568.6782
10170.71 -178.5201 411.1892
4724.301 -395.9583 1047.311
6808.225 -808.7609 585.9497
7156.439 173.2135 592.1262
12131.14 -1321.415 1904.666
9477.978 -85.94746 503.3632
10711.75 -369.0374 759.9161
2657.861 319.0712 359.7564
20867.46 -2972.165 1249.858
9560.867 -2457.029 4040.331
17466.04 -2729.079 1507.766
8131.937 2009.52 1708.673
6615.038 -856.7143 890.122
7305.987 1920.366 973.139
9371.615 5474.973 4937.062
4069.13 -207.0908 552.3635
8885.249 -1037.172 458.7379
7136.111 -538.2598 285.5318
5191.479 -330.0132 1395.614
4127.217 752.8603 710.4902
9910.883 1276.52 709.0192
12379.45 -1781.83 656.2806
3663.583 -1077.918 1314.968
4908.035 34.33484 1106.006
5974.866 -391.2978 353.0347
6551.613 -1939.288 1241.407
4813.535 -1486.51 2066.483
3780.287 195.0465 477.9732
4284.643 -212.1286 1165.849
6834.647 -99.09341 355.0146
4074.214 737.4479 776.0373
3816.268 -2008.534 1895.541
5221.143 -215.4963 365.484
12256.59 -1460.925 547.5982
7839.443 -826.1875 589.8526
11793.2 -2985.472 1500.903
2778.456 -893.5793 995.6828
1965.594 115.7726 1109.272
2256.11 501.3656 525.9001
4301.962 145.2955 823.5008
7561.169 -791.9911 729.5773
1625.942 2.470193 404.9854
4126.326 -68.77384 245.9043
15536.98 -2573.014 713.4559
4952.229 255.2383 1396.623
10398.02 -1386.296 511.9374
10559.1 -614.3443 764.3043
7956.308 -5168.545 5657.964
2905.95 -194.736 171.2279
2850.271 303.5624 916.252
2944.305 -34.8513 1275.485
10678.61 525.9267 617.2254
38736.07 6183.765 1807.404
10009 1495.01 1092.659
7335.216 -1058.962 582.6996
9552.112 -2235.012 980.2551
2368.324 -273.3594 696.764
5330.803 893.9487 807.5769
3569.267 395.9415 380.9823
7184.848 -517.907 356.1598
1972.188 -438.8028 432.6201
3889.603 998.85 1352.008
6184.158 -31.15636 394.9476
6605.061 -709.7753 528.4992
5531.936 1078.606 2076.291
11437.3 -753.853 518.6602
7150.289 -591.7889 473.8536
3898.966 -745.3854 796.9753
22066.02 -2958.093 1059.766
11145.91 -612.5118 735.8272
11697.22 72.71282 382.4567
3835.649 -521.2607 349.4983
5730.371 -1856.495 1487.017
11995.72 -584.6458 1206.625
4376.404 -393.405 636.6824
3072.554 -728.2537 803.4928
8294.334 -1988.048 974.0345
2927.592 -451.9469 1018.354
6016.421 -1817.762 2458.898
7650.569 -1351.529 773.8447
2111.246 -60.69317 344.5319
4138.561 -25.83161 566.1274
1579.932 -125.4887 361.2718
4230.101 -1674.131 3448.412
10083.48 -2401.832 1338.199
11825.27 -3579.093 1288.301
5776.588 -814.3988 1235.281
6242.585 -1454.86 1177.659
6715.552 -1033.518 1145.266
2351.968 -200.5288 725.1504
2273.137 97.3236 1874.781
7178.31 481.4789 2312.121
7385.674 -566.8524 657.7269
2674.292 -183.5497 1178.48
4064.601 -1130.842 3557.474
4047.626 125.3506 794.6862
7050.601 1580.642 1809.634
2361.025 129.3312 896.792
2053.707 -563.839 866.7003
5841.305 -1434.685 871.5976
7752.28 -2085.332 1140.122
1472.509 21.18506 665.6951
4461.285 -1852.675 3092.615
8089.313 -167.9019 655.517
5974.336 276.268 592.0855
25444.16 4282.64 1191.389
7617.399 602.4533 951.219
7038.237 -1352.647 908.4661
3437.74 -903.4267 1042.52
5115.552 -2636.615 1957.553
6888.929 -839.7041 536.0923
2781.029 -76.68784 1839.248
6534.486 -1408.718 1331.69
11873.39 -3342.158 2163.615
8427.95 -113.7689 1201.009
6326.178 -496.6046 743.3928
3571.184 -686.4268 1203.53
10969.52 -3263.285 2037.982
9277.842 -1388.353 961.9237
1998.149 -760.5188 1243.275
3176.602 -635.0291 814.8986
6927.917 669.504 481.4471
4593.46 -1624.876 1699.241
3332.071 1023.217 824.0232
5535.345 -1921.229 1192.003
3948.352 -2190.381 2302.366
3181.269 -1000.005 4140.119
7129.205 -990.1989 6150.633
5749.802 -61.88946 1168.669
6228.407 -1744.32 1697.869
4720.198 -1863.271 2272.777
7435.085 -1381.195 644.8752
4719.362 1090.732 1368.411
1836.835 -482.4747 578.4588
5308.197 146.2528 966.1446
4624.281 -537.5122 807.5144
3773.835 -24.70258 591.9499
12939.97 -375.0908 672.4382
7524.088 -465.1389 404.1
8172.068 -1627.092 931.2741
4268.368 -62.9834 1081.72
4141.836 -538.2734 1776.705
5094.752 -370.3953 327.3366
4243.214 212.4017 554.8799
3707.399 -125.3832 551.5978
8474.014 -1533.608 1060.987
2614.197 34.37274 1251.905
9083.561 -243.3349 702.1852
7303.161 -2042.954 3160.675
3284.513 -830.1841 2241.724
6944.735 -1252.887 1078.1
5593.15 -123.014 539.9024
2828.992 -685.6931 797.6289
6639.936 131.6663 272.9102
7792.518 -2315.067 994.3467
2833.309 690.999 660.2228
9373.066 991.7524 907.9289
22577.71 4188.184 1295.822
4533.478 -573.2458 499.2403
3110.017 -272.1584 269.0743
5250.971 -517.0422 558.7122
4198.786 884.0558 1317.257
3410.154 -1400.946 2466.862
8167.504 -1486.199 434.3616
3767.327 -198.0243 416.9929
4957.54 -494.4608 876.4683
1972.599 -53.78198 267.474
6014.84 -160.51 382.245
3886.711 -870.917 774.1762
8084.826 -318.9692 515.8129
5619.421 597.9845 454.2772
9350.803 -214.1341 413.5608
2074.109 -357.2575 625.5105
3637.391 -428.2752 690.7591
2803.128 324.2649 1558.082
7595.577 -1536.512 1453.521
7145.163 50.0387 245.0546
16301.27 555.9974 1548.677
3249.543 -1645.948 1361.332
8165.686 -188.9419 691.9796
9926.408 129.0008 591.355
19372.84 2804.401 831.0363
3480.23 -155.9125 227.6256
2409.77 -163.0914 336.6673
8501.852 814.5334 470.7738
7994.062 -3270.537 2270.642
7881.199 -1212.048 1037.761
7915.991 -310.1519 402.3027
28732.17 -1886.551 506.6145
13152.62 -1549.151 752.9173
3688.562 -431.5028 518.4948
5217.005 -78.4732 588.4137
7514.928 -1873.47 917.496
4165.866 473.6063 603.5795
15689.17 3280.542 1203.104
8150.725 -1250.703 560.797
4981.815 -1710.27 1316.231
5320.613 1515.493 1651.866
4074.881 -189.4035 233.1736
9274.415 358.2006 1198.135
3797.678 -486.2276 684.863
2263.89 -114.9547 448.8467
6722.861 13.64144 244.6989
5324.721 183.3154 670.4995
9363.021 -1831.747 945.9063
5162.963 529.4326 608.3743
7772.529 -691.6275 427.2935
7758.002 -125.6029 513.4001
4978.277 416.5723 477.9561
4185.563 -484.8552 294.8524
9018.399 -1487.612 894.2344
3584.864 369.078 422.2222
4367.785 -521.9195 425.8703
6083.83 -1298.603 578.9775
14625.49 -1389.124 452.4398
22240.5 3101.075 923.6999
9435.589 -143.5267 495.765
9432.087 -529.1745 547.9517
4873.134 -1072.313 998.6945
3544.476 -425.1913 408.7781
5020.395 -1123.998 976.7765
6026.481 -987.7621 384.052
4285.624 -716.3333 535.6691
5576.426 415.5131 446.4467
9136.314 -54.24308 1723.063
2586.495 -1383.594 1408.994
1844.46 -125.9451 319.2698
4985.394 -229.8916 503.7345
14897.34 580.8302 322.2804
4181.863 -615.466 649.2399
7968.324 -38.10214 608.7393
2736.247 -11.22449 753.498
2881.764 -17.5291 429.198
8638.549 -1557.456 961.5214
5075.093 -21.38754 752.6544
3655.93 86.16524 273.3379
5310.628 -420.6882 357.9616
5613.321 410.9366 183.6192
5768.947 -223.2122 395.3732
3607.775 281.0344 1017.33
7293.935 -1536.61 823.8342
16403.22 -4124.16 1388.826
11472.97 -3006.081 2456.2
4576.129 316.5933 1359.33
4557.388 438.2228 860.9928
9194.419 86.07771 2613.727
6475.05 380.8941 800.3275
2183.49 -919.2621 823.9615
16378.58 -1162.841 448.29
5985.235 -1615.311 974.7652
19245.73 -7077.619 3141.385
18455.65 -3682.119 1921.498
7450.426 -476.3803 414.2041
4041.492 -49.32765 369.9539
6656.086 -1624.428 603.3552
3079.441 -455.3603 290.7919
2150.439 -196.32 345.4695
5541.977 -1177.256 659.09
14954.14 -1738.861 821.9205
21577.1 1896.848 946.6277
4227.578 -336.8702 455.5688
10004.83 -1796.803 785.1812
9880.625 -3246.118 2266.368
5453.973 229.345 940.8237
11037.1 -626.9563 768.3724
2939.286 79.7863 753.9209
5004.968 -670.3481 330.372
15934.54 -2205.731 726.1435
7409.525 519.8326 2076.392
5524.312 623.3318 2807.129
2659.964 -653.5697 1761.05
27518.84 -3780.147 843.7789
16973.16 -1185.954 685.0282
2402.11 -165.6146 810.2945
11638.83 -7038.97 6108.569
3083.484 -19.38699 688.0242
2740.115 -504.1339 404.5526
1564.089 110.9868 569.1866
6188.194 -948.6547 671.9666
1202.069 168.073 1335.095
4105.396 -229.9515 849.967
3697.798 -250.9567 977.0923
4059.489 84.23866 437.3548
2814.378 -371.9172 576.3703
4073.921 -458.7773 402.4218
5521.246 272.1537 810.1062
13138.5 -1776.532 651.752
7755.603 -713.6635 235.196
2054.56 73.07726 1028.998
11350.56 -2990.593 1067.015
5796.553 -2441.461 2889.545
3855.447 246.4951 789.246
4809.147 -1647.314 1582.838
11513.15 -144.3931 469.0958
10202.5 -2140.24 1154.618
5229.909 -803.5995 496.3201
3306.656 -205.9973 391.2281
8331.733 -405.7471 272.9225
9998.744 -795.9376 627.5795
11805.22 -860.5282 827.0912
26274.81 -164.177 254.4052
15965.91 -1825.962 382.7204
6877.74 -342.7435 300.9324
16734.51 -1502.128 2115.359
26675.45 -6220.313 2026.553
8830.145 1311.254 899.0577
3397.404 -245.4627 647.9576
6542.017 -612.8446 564.2053
6611.064 -952.9242 796.8744
11108.92 -1153.494 358.5384
10614.13 -613.7222 431.0252
18262.98 -4537.562 1581.189
7960.008 -751.2499 656.0573
23998.86 -882.7623 189.3522
5566.418 485.3795 620.5769
18598.51 -1856.776 369.7593
9063.438 -2325.682 1034.586
3898.351 205.5474 692.8516
7923.881 471.6078 358.0987
7639.096 -875.1805 514.2813
11375.51 -908.5303 305.5083
11309.57 -666.4333 290.1627
23088.16 -2145.21 610.7259
5562.563 -210.4584 281.4725
18607.78 -1071.732 560.0477
8880.307 -741.8656 563.0073
6169.877 -926.0642 946.4668
5490.297 -782.8007 564.8216
8871.599 -739.9356 1440.255
13150.16 50.7809 239.4401
18382.3 -748.2367 443.7525
8968.275 -1087.493 509.0845
11799.47 -224.4382 351.9414
8354.547 -643.0709 415.5617
10407.03 1222.933 755.4054
7657.983 -82.87785 717.3019
6303.785 1688.992 1125.133
10604.22 -24.05784 367.2385
9772.248 460.5518 328.1178
7197.88 279.9283 482.7761
4251.328 823.6213 571.0706
22002.61 4992.159 1945.215
10638.69 1160.04 559.5219
5868.25 478.8406 646.8154
11085.25 822.7813 824.2413
4319.054 -545.5794 1913.558
5227.781 -184.7865 475.6165
39560.51 -1487.595 242.4923
16642.74 148.4856 302.1014
6169.44 -113.7309 188.2419
5452.009 -377.1458 314.1501
14398.28 -1501.473 1338.305
9722.423 -1410.996 766.2425
5845.377 -303.9833 908.7515
8950.717 723.742 529.5882
13008.04 519.3851 295.2758
10890.41 -644.0898 246.0373
3909.191 39.84957 267.8328
8063.55 -429.1724 770.1993
15936.21 -2968.653 1715.676
9737.782 1281.658 555.0076
7458.121 815.4684 433.3355
13294.57 354.8507 404.9502
11791.7 3288.031 1998.516
8902.964 -688.6805 473.0637
5237.318 89.25758 323.8265
25848.86 3354.133 1597.338
18569.41 3896.569 3115.338
7116.123 119.9119 458.386
37942.06 1084.437 623.8338
8711.765 153.748 346.983
7237.225 -22.97038 481.9998
13667.11 -898.6599 365.5225
9341.056 812.8957 366.1533
13913.05 -2006.302 740.6761
16150.26 -3606.804 2697.496
35311.12 4504.059 871.5863
10828.32 2406.229 1728.747
33293.39 5863.224 2757.643
8814.956 740.8447 1370.428
4705.802 661.9453 969.9814
3917.526 -192.3018 647.9103
33515.04 -3556.805 802.4325
17278 -307.876 872.9811
16325.4 527.7869 542.1522
19823.06 247.1499 688.1673
20924.45 1127.767 432.5591
15033.56 2812.425 1707.336
12634.96 2672.267 848.3862
6158.785 432.9577 694.7517
7288.536 -1052.079 928.2836
24004.06 1149.974 541.5473
20671.65 2170.514 388.2146
12351.97 1849.062 979.1006
108740.6 14340.33 2369.246
15777.91 -1592.484 1678.09
10513.75 -1040.721 1227.714
33831.15 3830.389 1738.871
6859.043 916.9148 612.1962
32651.42 -3737.773 1811.736
8517.858 1542.975 694.7168
10704.28 2139.031 891.2674
12163.14 1589.591 715.2603
10251.89 1380.074 526.0032
20047.53 2402.014 1613.193
5546.791 648.5435 764.1431
28951.96 5400.294 1338.419
17183.08 3176.483 1542.848
4290.769 711.8775 520.5923
10239.65 266.026 747.6924
4614.396 927.4479 1188.013
5989.173 1864.556 1251.282
90317.18 20233.34 5469.979
15251.4 1849.163 681.9465
32951.1 8672.116 2672.552
6285.971 88.84096 931.514
27064.68 4109.091 1580.274
16763.71 4813.073 3154.937
10647.97 1374.504 1863.156
8752.757 1232.326 795.8969
13742.2 1035.41 685.3634
10061.7 -126.7743 1656.914
8614.315 2824.988 2922.269
9658.843 4281.825 3940.21
20615.17 1361.959 1561.765
23698.02 6037.001 2424.871
31176.1 6364.444 3804.425
67568.06 8969.017 1648.348
19096.43 1046.33 569.8253
36971.69 8521.437 3747.384
18364.15 2237.8 1008.293
13135.46 1303.453 784.5883
9110.714 321.8096 1179.964
13739.91 2809.553 2030.531
11079.82 2203.099 960.2347
11476.29 1341.582 389.7812
36730.9 3839.671 2399.495
9558.744 1065.967 814.3956
26765.49 1957.435 563.8202
14472.31 3201.357 1114.941
43033.55 2186.967 1316.792
20996.65 866.6651 986.6521
7190.322 1229.056 703.2777
12216.94 2957.338 1120.675
12306.25 886.123 1819.711
17371.56 3511.046 1560.914
66182.69 8452.149 1565.965
16043.54 2889.453 1186.648
8665.19 1162.015 785.2299
7903.096 1663.088 759.9754
14996.01 1395.877 685.4726
15913.03 1195.522 1406.809
14894.18 633.8198 695.9422
14822.72 2885.034 1442.407
7446.704 1265.091 874.4551
10349.27 3662.803 1868.643
8694.123 925.7889 716.2013
14388.3 2548.911 1324.421
5616.851 2387.53 2582.885
22245.07 698.2434 1504.965
21312.86 5185.433 3445.327
29921.26 8693.3 2829.904
20337.5 139.9669 623.9858
12979.58 69.48114 3145.8
20163.7 680.5849 545.6228
16393.44 5245.026 3426.853
20013.97 3669.12 1059.991
6546.816 348.4388 1062.206
8577.332 -241.094 1643.278
28430.98 5058.462 1297.268
48857.81 11916.53 3399.749
14163.48 3299.846 2242.531
96947.73 5042.644 780.888
9958.423 2110.745 1259.967
10518.76 570.3968 1517.217
52892.36 6210.291 2512.766
4274.649 460.091 1016.964
18388.81 1973.577 616.8946
11485.67 3051.122 1150.891
6447.834 2956.731 2007.476
8886.596 2046.647 950.1246
6665.227 1663.031 1864.5
4120.557 1135.732 1601.875
50494.22 18127.5 7360.622
14375.13 3650.849 1961.962
7825.495 784.4103 1400.286
9320.823 1765.393 1170.019
15628.32 5201.833 2256.556
13581.67 4111.563 2469.56
8541.205 67.39628 2593.717
7704.076 112.5791 498.5636
12561.57 482.3489 895.234
27689.39 4766.158 1768.279
8305.948 319.9221 967.8289
7536.707 865.3549 618.2138
14418.86 3120.205 1979.027
6163.953 297.5016 1345.499
8810.18 471.2575 806.5072
9625.903 101.8675 719.7422
4112.703 755.7689 1456.777
14409.42 573.0399 432.8343
10685.59 2418.174 881.587
14487.83 3294.802 1194.609
7930.332 1285.028 509.5837
5487.109 901.6746 325.0139
14776.41 -2926.156 1603.921
18939.86 1037.312 771.4589
6122.331 221.5834 578.2391
10300.23 -734.1298 1285.353
3987.21 -427.3916 1351.95
6246.146 173.5952 909.3588
4358.546 1163.103 1978.428
2364.497 -61.8889 556.3913
4606.385 -1020.13 2627.22
4972.689 1156.027 1035.719
9375.894 -2146.794 2016.143
2777.913 -60.17208 578.3596
2187.204 -186.4079 820.6979
2107.966 27.87582 1073.339
2491.981 -3.84564 678.1128
2445.306 14.42272 454.0434
29644.46 4737.372 1198.149
11778.52 -1662.935 1184.984
16288.14 -4357.872 1960.503
8079.209 966.7472 510.8653
10950.42 -724.2411 611.9995
6754.327 1322.036 2133.016
2910.343 -477.4774 291.7942
3279.725 -910.3774 771.0729
2475.79 -301.8185 366.2523
16470.75 -476.5036 765.3622
32396.64 -6532.906 1926.365
5892.609 -967.8688 753.629
20920.54 -4084.295 1147.693
5975.011 -1703.5 876.4653
2151.006 147.963 1094.399
6975.258 -1557.159 2572.014
6882.554 -871.2473 649.6822
8902.427 156.6407 439.2572
3618.179 -365.0044 243.7481
11472.39 -1639.343 961.763
7856.389 -2592.075 2343.395
4440.091 -329.8829 898.3362
4789.262 -958.9613 2051.85
61844.59 2424.17 519.819
5754.701 -1152.153 709.3095
3175.609 -1108.723 629.1698
3308.992 -201.1741 467.1458
4547.194 -1291.079 3496.579
31557.88 -7130.459 1904.952
4562.981 -743.3202 469.0174
8167.825 518.0017 602.0145
5277.196 -545.7699 448.9244
17712.42 -1800.867 904.8043
6631.838 76.46901 387.2125
6823.101 -3289.945 3814.245
2699.012 143.6045 558.4947
4744.119 359.6852 485.3484
6648.343 49.24485 218.1435
6389.898 -868.8491 403.2265
6703.491 -158.0523 197.979
7300.766 847.7009 617.0588
6056.273 -668.1845 466.3921
3990.696 -999.1008 565.6721
4450.717 -1209.874 828.4714
7030.669 114.3955 1994.553
6888.361 -738.7818 237.3979
5987.486 -1978.399 937.4723
6610.17 -685.1891 535.9008
7438.344 -73.25208 670.1023
9370.459 -1006.896 242.4523
9163.869 -774.8708 657.9748
10473.37 1427.815 1031.513
3676.713 -191.8778 645.7954
3934.797 -113.1149 296.0662
2049.504 134.1203 246.321
2352.756 -26.67741 416.9641
4353.208 166.4494 652.836
1515.017 -122.2267 607.8042
15361.41 -997.1178 2376.81
3380.539 -66.99352 419.0614
29965.91 1812.334 442.9416
4171.211 -18.72922 488.5195
3149.429 1107.203 2697.05
2481.918 -885.3743 754.9316
5882.729 1520.632 1141.79
15196.26 -1895.726 717.3994
7143.025 99.34345 294.4487
6841.195 -148.4822 718.848
17553.32 1130.959 614.938
4411.817 174.416 402.1071
6303.886 -805.0414 336.7257
5955.78 514.2111 727.4879
4451.875 336.5443 589.4964
7099.974 879.4182 806.2233
10313.55 -1300.473 1959.165
6290.636 -682.8102 520.0556
2501.071 561.1718 1189.837
12782.7 -3069.416 1992.558
8916.818 -66.0341 351.9371
10087.02 380.1822 1007.659
4241.824 137.1009 463.1429
8900.094 1033.923 408.8458
19964.86 1554.649 967.0922
5994.512 -478.0092 1080.183
29179.2 -486.4123 387.7234
11281.44 891.6719 313.7183
40609.98 6626.504 1677.228
6213.814 -76.84049 746.0623
16821.21 -2283.24 1554
3967.7 -1430.209 1705.385
31072.65 426.2888 400.7667
5830.45 819.4623 686.5257
10564.96 1294.85 619.4595
3423.492 1010.99 1721.963
5748.091 954.6491 573.9084
7628.922 -627.0463 338.88
2298.036 78.75048 2068.869
8649.222 -458.2738 431.2342
7460.561 -1467.308 734.0035
4602.946 -580.9263 1100.939
4836.425 -324.5977 1241.943
2441.384 -230.3734 631.1681
5056.161 2332.18 4061.651
4657.413 61.61053 510.8865
12909.9 -441.287 524.9346
15852.96 -1397.718 1016.723
5155.233 218.8014 353.9775
5071.318 -712.8219 1060.897
3566.313 -321.5105 438.5727
3401.413 -454.5771 413.8437
11242.41 -1448.687 982.9533
5582.618 -1456.255 797.3719
5625.108 -304.8358 594.7768
5692.629 -625.6721 481.1164
4487.715 -437.48 612.8948
3308.344 -258.5526 212.2803
7564.188 534.6119 343.6966
2337.43 78.46265 1636.895
5392.887 -879.5956 463.3967
4719.498 -528.2525 287.5647
5058.938 -976.1188 335.4507
4811.516 -637.2784 353.0454
3384.116 -324.292 322.254
4807.168 1714.935 1764.029
4195.433 -349.8367 790.8325
8265.157 -14.53989 314.055
4776.173 221.2389 991.6633
14609.69 897.2607 530.3711
2548.871 84.30542 173.313
4040.403 723.3239 308.6316
3987.747 -150.6801 451.5662
6042.688 -826.3745 489.1189
6958.122 -1581.143 656.2675
7118.849 1068.229 2106.65
4654.546 724.2657 435.9993
5304.716 578.4517 377.1025
5056.544 -1308.919 749.697
7542.156 296.0679 632.8904
5549.888 48.06016 920.1267
8824.591 27.88299 264.3097
3451.749 951.567 943.6655
3554.655 -636.9398 653.1259
4045.246 -748.8165 744.1719
35445.9 4634.336 1337.251
13075.28 -399.3809 362.7534
9405.019 -724.2602 575.8161
6188.545 616.9262 556.9448
4494.617 -1844.227 1480.548
4285.667 -819.4472 639.729
17808.5 3857.043 1472.471
15850.08 -731.4559 409.9385
2482.515 589.2728 2138.684
4250.905 104.4247 181.9063
9669.7 2432.866 1317.555
12309.1 -3632.847 1705.975
4266.768 526.914 873.0797
5886.421 -362.6195 524.9121
3102.416 -54.19899 932.7613
2932.59 168.1835 1055.334
2323.421 -516.3101 636.28
5609.617 -1644.93 1122.807
4382.619 -146.1321 177.4136
2674.921 21.49961 900.7993
5399.276 -252.518 1235.95
5191.605 -272.0289 2548.029
5096.579 91.38651 496.3773
5142.315 -210.7506 1389.288
6424.511 -803.9124 784.7398
5993.209 145.8283 605.247
4821.385 -942.427 810.0529
4044.525 1067.644 686.828
1790.667 -219.1478 570.155
4637.083 48.51428 695.6504
4465.697 -608.5487 969.9903
3722.333 -826.4625 592.1005
4842.778 146.3084 992.7819
8004.491 -461.5258 1587.747
10366.22 323.0818 314.8061
5121.059 -1207.143 619.1483
12116.04 -1913.381 688.1777
6273.025 1165.559 1404.491
2035.31 -319.3704 418.8463
3420.589 -702.5551 1308.23
2541.852 -29.58741 322.5317
6862.084 -3136.897 2527.248
2339.563 -122.0931 334.8877
4536.752 434.613 412.7138
7114.423 -2416.907 1288.33
9833.128 696.3261 640.0333
2126.109 78.84913 589.705
13943.9 -1674.191 476.8934
4300.673 -855.4179 1229.09
13464.12 -2719.687 1207.422
9265.239 690.1884 290.7384
4788.382 -685.815 405.3877
31884.33 -10941.11 4134.118
6708.574 -722.724 481.031
3737.145 -401.2329 368.0352
10755.78 -2589.802 788.2444
3124.139 -2111.568 3474.87
15020.38 3631.788 2011.785
11767.04 -1416.677 458.4116
2192.462 -128.5031 358.8975
3275.019 275.9284 2707.153
5256.125 -718.7068 432.7887
3397.976 -75.68825 431.6449
8857.643 -2212.178 908.8207
47100.38 -4907.914 2288.639
4241.337 -898.213 782.5656
7554.469 -1474.576 1228.863
5582.984 -2192.509 1259.969
12393.91 -2673.717 995.2453
7409.751 165.7621 470.5621
2642.32 156.4011 510.2798
2863.422 225.1343 260.5495
16896.04 -2156.251 946.6134
2898.355 -67.3322 301.4486
2866.994 -258.9205 794.3127
3352.265 -1108.003 1226.579
10918.75 -1943.391 762.4548
24605.27 647.5436 431.3759
2704.351 142.9728 1443.788
2742.505 264.3995 1716.498
13334.02 -486.924 331.6087
10239.97 1022.749 363.1764
2269.636 236.0858 432.569
5223.573 -1456.532 870.4746
10834.23 -75.84075 372.9744
8622.26 985.6112 435.4929
9171.72 -232.0798 386.7666
5973.439 -671.0536 432.4518
8339.402 -986.8481 552.3042
4122.182 -1142.984 703.874
8678.397 -1496.485 500.8786
5056.859 -435.5038 643.8747
3444.034 -305.2172 596.2597
9811.887 -803.825 1698.278
20844.18 -1480.229 310.3512
3241.19 -708.5169 911.579
4366.042 488.3167 780.7327
4786.768 493.1678 712.3957
2397.847 359.9088 607.9595
1775.836 253.6866 623.0103
16248.96 -450.0726 617.3929
10397.5 -2843.973 1121.231
3662.238 -190.7576 583.3881
2609.694 247.529 735.2733
3342.965 35.45123 491.8161
5505.335 276.4574 226.9013
3463.907 -261.2753 1170.499
5762.059 1451.034 967.8483
5458.036 1162.612 944.6816
11415.07 -566.1487 524.0073
16862.19 -983.0975 803.4852
3058.841 -127.8773 1357.891
22945.63 513.9339 176.298
2385.733 776.5856 1068.739
6449.015 -890.7556 755.1754
8818.059 -920.7115 592.3083
3144.43 -305.0423 545.6189
8309.003 1627.685 880.8034
4746.849 -616.8953 803.0849
17305.72 -2333.856 839.0578
6890.66 -240.5265 634.287
3653.333 -284.1758 1453.851
7036.951 -1147.441 490.2582
5257.415 -795.2094 1050.186
4716.575 -80.38349 481.1624
3043.486 -10.67076 300.9461
20718.79 -2825.64 634.9283
8869.859 498.3795 1392.41
3698.513 53.09622 755.0274
6133.272 -1703.033 1231.967
4485.67 231.7431 602.4462
11464.1 -677.6425 280.8249
2198.976 190.5722 702.3039
3976.665 -741.7072 1197.625
4943.945 -328.5049 777.7709
6721.718 -1297.378 1003.751
9433.572 -709.6598 1037.878
1913.19 -281.0338 344.9315
3143.564 416.7581 493.2286
5906.886 -1174.879 980.4415
3880.644 -274.6626 870.1755
18969.93 6246.878 2983.087
10349.62 -1826.748 1251.298
12760.92 4535.418 2786.224
6875.53 1303.065 895.0742
15993.35 -2083.803 875.727
9356.887 -71.69004 766.5784
12831.33 -1868.011 1116.906
3593.657 158.0786 1656.984
2587.809 914.3673 3406.549
3800.828 260.4363 3082.709
2600.919 118.4543 1444.418
3500.783 -2148.992 4071.679
3811.469 1088.563 1563.063
3325.362 -519.4924 868.8402
6202.082 913.7563 1518.799
2964.902 484.6559 1342.948
3778.784 -292.3972 795.3071
2750.678 288.285 617.8447
2929.198 516.702 627.6689
7248.436 1651.279 1668.46
3179.578 124.789 829.1387
8037.509 1119.097 894.9292
2494.59 -213.1023 1379.616
3960.51 -823.5293 1421.848
3078.451 286.4541 776.7185
11183.42 3285.36 1942.359
10656.21 -2595.961 3269.372
6499.247 -653.3622 1012.657
3269.562 -660.2234 550.9215
58957.73 21866.22 9441.503
2173.811 -446.4586 1302.174
7868.818 -1626.451 1390.632
7808.604 728.6501 1463.022
4658.396 -1726.42 2360.107
6707.684 141.4313 560.059
10214.44 -1559.737 948.693
16976.89 3235.124 1840.834
3993.142 -25.14072 915.3417
4249.459 61.39459 330.4703
6768.641 -108.1025 1085.993
4393.153 -39.1941 588.9258
4447.049 -466.1754 994.6247
18124.52 5087.188 4042.137
12085.02 -325.3286 963.9948
4241.217 1105.279 4503.153
11872.39 -644.2691 201.2095
21820.04 4396.336 1487.965
2336.155 -90.27047 393.4035
4518.651 -1021.085 698.4323
8541.383 1037.987 831.7714
7312.084 267.2082 797.5967
9633.192 473.1989 452.5725
9521.747 -898.1922 1422.449
2470.094 -82.99587 372.9876
7771.618 -1437 865.0364
11964.36 -707.2783 360.4107
3782.15 750.9173 819.9421
8037.593 1381.968 847.7406
2501.61 -606.7548 705.4316
2900.479 398.4008 664.8922
2655.614 236.6455 268.6944
8341.258 -1097.58 1031.286
4458.443 -788.1499 761.9803
30879.71 1241.759 514.6952
6331.697 -482.533 1748.362
5642.9 -308.2253 518.9986
3433.851 -569.7522 993.4125
13329.76 -710.7283 410.438
5476.286 -1973.684 1631.834
8042.743 -1174.398 914.7687
4875.028 238.9782 343.5521
3080.407 198.0257 672.251
11414.42 -1143.507 1300.782
6923.987 -320.2734 367.8329
3853.956 -382.248 347.9342
3774.528 -1161.606 1968.495
11274.67 1756.921 1107.796
3819.807 -466.932 352.8502
7801.043 738.8634 481.4046
5742.271 -79.7524 354.0759
6530.166 244.0774 366.4752
4094.295 442.2489 788.6306
8086.026 -1786.661 1090.117
9038.594 293.5908 388.3022
4812.008 -428.44 235.5029
5504.737 -1501.549 1301.185
7640.916 18.04915 214.0523
10374.82 -662.4742 362.4333
8514.389 -1844.92 811.2731
