2281.379 -142.2862 383.5075
2098.422 -37.32377 380.3718
2105.26 -111.1513 382.6732
2203.126 -48.00996 383.3691
2289.752 -85.05457 401.507
2051.503 -143.0763 407.6755
2217.122 -79.86449 373.6661
2105.151 -128.0764 383.5311
2350.156 -122.8822 452.7182
2174.61 -124.7103 352.6791
2253.772 -95.73389 440.2305
2116.834 -40.51968 404.9208
2148.248 -96.58746 404.8893
2354.806 -97.7064 362.6964
2089.268 -107.094 398.1831
2065.802 -163.6519 385.5187
2013.259 -67.63908 421.3785
2246.108 -143.9948 430.4741
1988.71 -65.45738 364.5254
2202.21 -140.3438 437.9295
2358.282 -177.718 411.611
2272.394 -92.95608 386.5931
2159.374 -146.5065 408.4389
2029.363 -18.88379 380.6555
2230.061 -109.6892 383.1412
2060.119 -106.88 359.2962
2119.969 -114.1501 407.2227
2161.446 -54.98958 395.2678
2251.481 -135.9133 371.482
2130.515 -111.9088 413.9327
2165.572 -119.1486 436.001
2297.29 -39.65409 383.5147
2216.954 -126.8946 392.4249
1922.532 -49.95972 416.0165
2194.661 -145.9989 408.8629
2460.721 -141.206 422.1048
2248.015 -171.9492 432.0634
2341.207 -0.6133028 405.3594
2237.255 -40.18364 393.1041
2133.4 -115.3246 378.4935
2223.037 -51.30464 406.0602
2283.679 -172.4904 415.0848
2129.824 -114.1311 396.5063
2052.681 -64.7966 404.4265
2250.57 -151.1517 411.8044
2387.737 -126.7097 397.7759
2274.802 -74.44785 385.4596
2274.555 8.211569 425.9719
2141.492 -170.9233 362.1782
2325.603 -57.75438 416.5469
1940.516 -100.5449 375.4756
2366.779 -113.0498 385.1833
2071.772 -89.80537 397.5516
2067.161 -23.26047 419.2476
2311.571 -113.6127 402.0408
2278.067 -122.0379 390.4309
2228.876 -131.2168 411.9632
2141.794 -59.17282 387.0689
2145.359 -108.4482 456.9247
2228.185 -119.2547 377.9477
2238.333 -141.0908 374.8311
2058.398 -200.4538 424.5969
2308.318 -58.8157 379.5095
2087.751 -41.18573 420.01
2175.985 -73.19745 382.0473
2077.066 -98.30459 417.3224
2005.84 -92.76728 395.1495
2127.714 -98.45481 364.3423
2123.278 -206.8293 386.8537
2275.318 -177.6753 394.4605
2146.347 -121.3827 414.1077
2274.002 -114.4759 384.9087
2169.568 -86.8349 363.0257
2146.271 -126.5205 380.5381
2200.488 -139.2511 408.2436
2059.283 -25.6014 408.8353
2034.148 -96.77955 400.9124
2169.324 -51.19023 406.2709
2096.484 -98.61573 407.7058
2010.081 -41.77207 372.0948
2045.598 -42.23165 352.6984
2003.095 -28.99855 386.2278
2391.887 -181.0172 432.1249
2311.541 -158.2496 386.368
2012.401 -115.6921 408.444
2279.375 -142.9506 419.5598
2303.411 -166.6763 455.6652
2340.605 -98.37383 351.2162
2107.142 -158.6127 452.0526
1944.538 -111.6176 413.0475
2314.718 -104.5721 403.2251
2336.444 -135.7923 393.0666
2126.519 -162.2014 427.6294
2105.665 -162.9262 451.7284
2046.821 -129.8777 376.7428
2039.961 -42.85321 399.966
2315.118 -111.5689 388.8606
2125.701 -156.9479 416.4138
2056.786 -107.6471 401.2789
2120.543 -40.91694 464.9031
2237.718 -106.0929 406.1116
2219.899 -93.53982 390.002
2191.806 -86.06371 392.8833
2085.101 -135.9204 415.5524
2262.085 -57.7259 372.602
2238.961 -129.8285 424.4441
2203.33 -146.1366 409.4175
2311.856 -64.21857 374.2412
2246.659 -100.7954 408.8224
2211.043 -112.6805 395.5264
2097.843 -144.4766 390.0954
2404.213 -121.591 433.1303
2197.263 -154.0197 427.0041
1948.39 -144.3242 425.1685
1934.187 -112.3263 389.1298
2119.394 -157.5525 425.289
2088.052 -134.9461 427.8305
2084.404 -80.57588 379.0547
1982.036 -71.33517 437.6727
2091.013 -63.796 415.3979
2104.04 -76.62287 393.9006
2012.56 -101.8072 378.6262
2017.593 -82.84316 390.788
2055.521 -30.67096 417.7388
1902.452 -81.9374 400.0104
1933.63 -114.4235 377.2647
2060.228 -110.2426 350.6963
1961.598 -96.15484 434.7801
2185.335 -108.2072 382.0277
2210.843 -136.6886 409.7523
2120.865 -70.39045 399.6208
2162.664 -85.74346 403.8501
2068.314 -107.1298 367.145
2259.88 -205.4285 431.3892
2053.738 -141.043 397.9283
2285.712 -158.6179 433.8195
2206.071 -118.0599 411.7975
1949.977 -138.6982 411.0588
2000.232 -104.3007 388.0175
2019.463 -27.74214 396.0335
2106.808 -188.2213 436.763
2025.381 -56.55234 407.8407
1981.927 -78.70714 385.9222
2231.071 -71.48278 362.0128
2000.281 -76.28242 403.2679
2221.964 -135.6035 403.7182
2246.814 -134.6716 402.01
2162.126 -123.1667 428.6272
2253.529 -144.5006 389.7615
2362.624 -150.5527 378.4688
2328.008 -123.5044 421.1459
2074.451 -83.92295 436.4192
2060.005 -98.90174 398.0589
1935.77 -131.3214 406.1837
2003.611 -70.64442 442.7268
2121.716 -130.5913 396.1799
2008.786 -124.0057 416.5055
2226.72 -159.0824 379.7439
2270.075 14.32133 374.7514
2092.176 -86.15942 374.0121
1917.335 -59.64199 360.4746
2111.011 -70.99289 415.0144
2053.517 -100.0437 436.9478
2217.38 -84.19674 411.9246
2032.228 -112.7782 403.1923
2089.983 -160.2377 371.5488
2260.058 -157.0814 374.7833
2017.823 -125.2309 454.2164
2305.216 -85.84085 416.2709
2373.677 -57.8448 375.6697
2273.462 -146.7378 415.5124
2184.201 -118.3925 439.8559
2368.235 -188.0817 364.2944
2127.735 -76.65615 423.2699
2150.28 -90.12114 402.9324
2183.032 -89.42885 366.4813
2090.056 -122.7252 432.8466
1995.694 -129.049 356.5302
2004.903 -42.50286 418.5152
2007.799 -46.43597 399.8749
2476.799 -143.965 373.1226
2185.321 -53.1294 393.4224
2115.967 -127.7488 405.0606
2343.83 -66.58045 424.0569
2017.658 -80.99245 376.7678
2222.494 -176.6424 439.3433
2575.308 -252.8538 427.9108
2211.168 -142.2826 400.1814
2208.24 -96.50856 425.4074
2318.167 -140.2549 421.2462
1949.949 -12.23866 339.4744
2005.026 -62.80748 396.363
1911.023 -53.42895 392.1285
2167.883 -151.8756 400.2602
2108.489 -161.8288 456.0003
1951.364 -97.43348 437.45
2139.843 -92.25006 392.575
2144.023 -125.8802 375.7104
2180.07 -61.9885 399.0131
1995.605 -124.4312 419.2692
2143.187 -121.1728 425.8754
2237.686 -97.5114 396.8164
2249.833 -121.0074 371.1453
2246.326 -138.5661 429.568
2156.901 -104.4368 353.984
2114.941 -119.9612 416.0261
2009.773 -171.173 452.4475
1896.793 -39.21733 434.3839
1988.981 -129.1372 422.8248
2099.665 -138.8171 412.3223
2130.463 -100.8128 393.6308
2218.977 -122.2931 422.447
2222.372 -172.2054 373.6687
2136.134 -182.5033 378.1613
1954.898 -62.01727 383.3268
2254.65 -152.2089 393.4238
2175.345 -25.58977 380.4754
2280.198 -149.2689 381.8624
1921.468 -49.94597 397.3654
2243.855 -153.7178 403.9403
2080.879 -80.40186 406.559
2343.704 -111.6662 411.3195
2231.924 -68.69568 385.2498
2002.173 -109.4635 368.0953
2207.111 -164.5395 398.4874
2087.101 -137.2478 400.1866
2004.59 -119.7874 402.9716
2053.786 -144.8115 423.6135
2174.926 -157.6867 435.5599
2002.545 -38.69078 402.724
2318.326 -164.1511 406.1718
2287.765 -98.82819 386.289
2023.227 -123.3504 391.5454
2229.397 -115.6383 437.0559
2105.599 -76.28519 355.2207
2301.822 -98.05119 383.1738
2085.033 -144.1481 387.0463
2068.98 -78.93133 374.6904
2410.177 -58.29811 378.3965
1911.69 -106.2456 442.3176
2243.786 -79.68536 399.267
1719.653 -109.3589 410.4047
2076.413 -169.1418 368.0631
2169.022 -114.4251 384.0555
1885.687 -114.7007 383.077
1964.634 -106.0387 429.3262
2068.095 -124.6542 377.151
2491.243 -139.0315 401.9228
1951.288 -72.85169 434.0019
1967.539 -67.85309 401.6192
2151.872 -110.8388 442.2573
2065.333 -78.74896 365.3181
2171.94 -159.083 403.0405
2263.382 -60.0275 391.8997
2282.659 -87.26107 370.2476
2365.355 -29.68987 400.6766
2163.633 -84.37715 400.3435
2114.172 -92.20537 405.4303
1944.718 -137.5965 427.0538
2406.712 -61.05006 373.7155
2169.946 -104.2099 380.4912
2233.277 -102.829 398.6386
2319.502 -147.5807 413.3976
2209.139 -80.67479 392.5125
2259.171 -198.8735 416.99
1859.879 -110.8125 394.5344
2077.436 -92.22864 393.7791
2006.823 -111.0473 432.6243
2020.832 -101.3 380.7368
2121.048 -112.6554 431.854
2239.581 -152.7692 410.1328
2354.849 -92.47178 346.8061
2341.343 -138.4389 389.8245
2222.516 -114.4039 389.2812
2213.734 -93.276 370.9837
1843.926 -128.9038 376.7042
2001.421 -81.14946 397.1337
2291.77 -42.12369 374.7929
2104.941 -111.326 412.2437
2413.038 -145.9888 404.1478
2388.088 -68.32127 396.0572
1930.812 -155.2099 339.645
2408.401 -34.1452 423.6377
2084.68 -80.0593 404.7613
2213.28 -86.15585 425.025
2381.575 -99.63713 416.1344
2251.136 -43.67101 357.3397
2147.611 -88.5697 409.13
2075.091 -107.8574 404.0363
2046.115 -73.501 375.6778
2204.052 -90.30704 410.5099
2234.447 -181.6001 394.282
1796.918 -120.0658 413.7794
2256.936 -140.9687 408.0219
2315.689 -159.939 462.5907
2250.473 -40.69418 387.8784
2223.235 -114.6172 354.6445
2259.944 -58.96588 416.9788
2114.756 -147.9174 391.8074
2154.99 -130.5716 392.1381
2128.818 -68.41999 351.1779
2042.323 -86.8397 408.8007
2248.936 -149.1927 415.4407
1783.911 -94.22367 414.5162
2088.833 -59.01394 496.9899
1978.451 -115.4168 401.0289
2230.673 -187.32 392.9619
2119.049 -96.03224 426.4865
1933.609 -90.83177 415.6452
2049.123 -138.8636 417.3104
2371.623 -120.2613 439.0976
2241.766 -109.9689 401.5479
2337.817 -95.31787 370.7858
2283.834 -141.4973 409.4272
1946.815 -96.50506 373.5534
2288.894 -99.44949 396.8596
2248.329 -112.4412 380.0514
2060.088 -125.6036 389.153
1914.186 -137.2973 389.8932
2166.277 -104.796 462.6851
2040.742 -77.18988 383.5818
2233.856 -70.53238 414.2896
1971.981 -108.4108 375.9022
2212.301 -97.3192 370.7057
2215.483 -114.3136 433.8864
2282.586 -143.0525 371.9803
2136.344 -97.60117 402.231
2247.865 -115.1639 392.2595
2065.706 -121.8306 395.9519
1930.781 -37.88483 409.7029
2231.098 -88.51914 419.7718
2347.68 -208.847 455.8473
2343.577 -84.8828 432.0705
2062.202 -113.7259 410.3015
2401.647 -126.8065 398.1181
1952.061 15.12519 391.6418
2216.927 -191.2364 400.0434
2361.458 -99.99597 413.7285
2041.916 -103.7736 410.6514
1927.847 -179.9429 403.9492
1965.969 -89.68554 411.5942
2164.233 -87.4771 386.0441
2102.335 -32.46021 414.6349
1998.787 -145.9658 402.9957
2380.542 -89.41302 363.1934
1936.713 -161.1411 421.7005
2076.905 -72.81896 409.5678
2160.18 -94.78007 367.366
2032.97 -115.6886 424.7564
2034.74 -94.70017 404.2606
2184.734 -148.8203 442.124
2134.846 -150.4948 418.0746
2184.933 -84.93301 396.5043
2010.22 -109.3193 368.4398
2089.609 -54.63428 423.8704
1857.692 -101.9388 379.2597
2118.603 -169.3199 408.4481
2184.436 -141.2556 423.6518
2282.73 -85.52538 433.6851
2084.097 -82.3417 416.898
2092.519 -115.8298 405.183
2444.858 -183.8689 466.6093
2129.683 -115.3309 413.9026
2005.917 -122.0469 384.006
2045.632 -170.5471 402.4029
2085.343 -136.9621 421.82
1864.916 -59.86728 409.1884
2362.1 -160.8414 408.7468
2279.635 -111.0712 396.8354
2216.747 -154.7153 395.1408
2091.538 -133.5613 404.5746
2108.705 -76.39096 387.654
2108.477 -64.40969 429.4341
1969.531 -131.0237 407.0981
2232.714 -128.6657 441.3596
2285.346 -125.4326 384.6993
2364.087 -145.7578 435.7241
2299.226 -118.9582 384.2375
2244.46 -77.83603 388.6474
2009.719 15.43204 416.948
2208.448 -110.3418 397.2528
2353.777 -94.1016 346.3976
2311.604 -169.9978 402.9862
2072.061 -172.2504 434.2909
2174.247 -150.0046 451.813
2095.459 -132.6538 405.7878
2017.494 -191.2046 425.9626
2254.74 -121.923 440.5603
2465.116 -175.4714 435.3837
2211.381 -118.6126 433.2621
2226.532 -149.5903 416.2534
2058.096 -103.9484 387.9029
2043.77 -104.853 387.3986
2105.983 -80.34074 368.9422
1980.883 -86.39197 387.763
2012.495 -178.3768 463.0721
2145.553 -133.2318 418.0662
2229.204 -97.2198 419.5529
2108.882 -69.40795 405.7151
2219.352 -180.8658 429.7459
2089.633 -93.05038 395.5186
2051.413 -69.40388 378.7659
2181.888 -27.3311 381.8396
2220.24 -112.5504 379.8111
2143.113 -67.38492 411.5361
2274.454 -107.234 438.4362
2120.809 -119.8479 389.9454
2087.809 -135.3226 403.5134
2049.861 -157.1923 397.4161
1965.777 -117.0269 447.3431
2019.879 -64.4596 377.2212
2323.577 -198.9468 391.4657
2152.83 -57.7315 423.2269
2208.939 -117.6073 396.6564
2090.743 -53.53598 377.6003
2094.458 -150.3315 365.566
2102.796 -49.88209 418.9862
2331.078 -101.1731 415.0323
2121.283 -157.1771 401.1724
2056.843 -89.63408 394.1354
2190.872 -120.9402 401.5905
2039.912 -86.26846 418.0121
2124.707 -88.3181 368.7463
2287.87 -121.5523 409.1206
2136.505 -106.7076 376.6407
2116.865 -138.9517 434.5448
2241.156 -158.6129 400.3664
2241.131 -20.41624 377.7294
2253.563 -84.17225 379.0015
2003.953 -93.74291 420.9908
2300.939 -101.3843 379.7661
2251.556 -109.0761 411.7201
2111.402 -56.74984 367.8825
2161.443 -54.67488 445.2775
2170.979 -95.01619 407.3619
2172.843 -60.12324 404.6063
2052.261 -104.0603 432.2815
2021.687 -137.6787 398.3436
2028.725 -117.2822 385.6732
2341.3 -158.142 414.1026
2062.909 -66.83001 373.1153
1958.756 -117.0057 344.2177
2094.92 -112.187 394.3408
2125.857 -34.1 372.3895
2010.475 -109.3068 425.2978
2077.554 -64.40598 451.2811
2250.753 -110.2964 390.185
1954.533 -146.5224 422.2292
2081.302 -78.84287 363.7799
2030.294 -134.6226 400.9892
2442.387 -51.06325 393.7228
2001.123 -54.26143 415.9631
2040.814 -98.65101 382.9774
2186.457 -77.91232 432.3106
2094.77 -81.4803 388.4398
2047.181 -86.04897 386.7982
2015.565 -86.11587 434.7252
2049.654 -101.9191 415.4529
2201.243 -175.8963 421.1775
2046.977 -87.02699 412.1503
1979.421 -89.29126 381.9522
2045.47 -51.45523 405.6446
2130.759 -198.0558 415.0271
1948.188 -201.0841 384.3991
2316.62 -74.7829 413.5396
2093.245 -70.85 418.507
2054.544 -111.1235 410.6681
2428.087 -88.59389 395.4695
1777.968 -93.56461 404.6149
2013.808 -150.4046 389.3843
2277.919 -106.6609 401.3833
2041.049 -59.06881 401.5716
2064.591 -64.93032 387.1778
2427.567 -64.01389 400.2799
2307.127 -65.58511 409.906
2136.602 -73.95988 380.2796
2015.475 -61.26549 371.0347
1945.274 -73.16378 399.2354
2133.139 -176.952 401.2209
2211.357 -95.82989 405.8356
2251.303 -118.4011 431.7252
2279.839 -69.34573 398.6285
2168.233 -174.1804 425.1141
2221.361 -104.3031 378.2367
2151.937 -65.09756 388.8681
2218.573 -78.34968 371.0318
1978.637 -96.27418 355.4765
2154.074 -34.50466 361.3383
2284.313 -99.03978 410.7093
2093.642 -99.23796 380.1366
2433.377 -67.82078 432.0179
2038.51 -128.5839 416.5155
2340.006 -154.9784 403.7976
1990.453 -29.83179 374.9526
2204.007 -109.5963 404.3291
1896.025 -122.6459 439.2442
2134.828 -89.79474 383.8505
2161.103 -142.8024 396.07
2040.381 -54.57326 376.2294
2206.417 -93.88736 397.7305
2105.283 -78.94766 405.697
2238.633 -112.68 368.0561
2171.64 -117.8601 422.1774
2045.841 -157.2019 389.0854
1986.742 -118.8513 404.5115
1938.017 -136.6596 413.8348
2051.793 -70.6908 395.0652
2139.02 -84.10377 376.383
2084.51 -110.6291 350.6722
2307.463 -108.5254 432.8685
2222.712 -65.23393 361.4727
2360.158 -70.29239 397.7363
2157.695 -97.84798 408.1389
2230.425 -13.85344 356.5034
2115.355 -66.36232 391.7638
2237.267 -118.8568 439.2821
2128.204 -84.10197 387.6607
2450.248 -82.79679 367.572
2143.541 -61.09687 408.8063
2070.023 -52.89203 394.3422
2200.339 -58.93567 365.694
2127.825 -48.39134 423.2218
1911.265 -136.1965 377.7451
2291.037 -110.7544 361.1141
2076.795 -92.12417 391.9819
2239.102 -126.2162 381.5924
2346.991 -65.8025 428.3325
2173.869 -87.3485 392.9946
2283.22 -139.2557 432.988
2559.191 -124.8288 382.2808
2159.847 -125.3488 429.7775
2221.432 -133.5668 407.8737
2176.243 -54.65137 395.8647
2552.283 -209.489 433.8557
2082.371 -97.50338 419.4847
2369.49 -140.7336 395.672
2174.596 -210.4738 412.9393
2565.48 -109.5266 423.7214
2176.332 -138.712 407.0866
2262.963 -162.2817 432.6675
2167.166 -150.3377 430.4545
2070.887 -9.415312 399.6655
2031.702 -138.0816 434.7057
2158.651 -46.74767 394.1743
2340.649 -34.88472 404.3122
2204.481 -101.3243 437.8873
2312.703 -109.0351 368.126
2351.311 -152.9163 368.5043
2076.006 -133.5032 471.9871
2031.908 -116.0981 435.765
2075.154 -118.1277 413.3746
1856.048 -168.0952 460.37
1997.803 -81.08634 382.9652
2329.26 -155.709 407.2853
2138.779 -154.1832 371.4002
2284.353 -52.07608 400.6273
2037.268 -124.3024 441.4426
2239.899 -46.9911 420.6731
2314.323 -92.37561 383.2392
1918.726 -88.30315 362.9511
2154.416 -113.6722 430.389
2152.617 -8.503367 396.5938
2034.359 -118.742 377.9017
1927.095 -110.816 385.3855
2037.568 -137.0404 393.1549
2263.978 -188.4066 442.1053
2215.507 -154.5928 397.923
2142.891 -125.666 386.0536
2136.433 -21.06045 399.8375
2292.117 -96.35593 382.1906
2146.428 -97.14033 414.6821
2059.899 -127.4562 411.2704
2189.837 -58.26479 401.4409
2079.813 -116.8785 399.1444
1954.882 -74.66245 404.918
2097.545 -83.54865 429.2826
2279.067 -147.2665 463.909
2218.233 -75.77623 430.5955
2272.256 -114.9657 402.3289
2167.519 -199.7881 431.3031
2305.967 -147.9618 454.6531
1948.161 -78.63614 362.7988
2197.527 -103.0792 385.4714
2204.769 -159.1156 411.2619
2318.105 -102.9478 372.7716
2090.602 -66.23408 469.6162
1940.81 -115.6633 392.1268
2117.131 -171.8378 376.8702
2212.312 -69.39281 384.8985
2263.426 -120.221 373.7134
1950.521 -44.41042 403.4604
2132.45 -142.5976 381.1912
2251.34 -143.8576 412.5867
2245.178 -58.74638 392.6187
2067.796 -153.6011 431.5977
2227.936 -157.2827 403.5879
1979.592 -129.52 437.5671
2263.485 -179.1298 391.2343
2024.641 -103.7724 400.0011
2186.476 -131.713 379.821
2198.997 -86.49414 398.677
2331.514 -153.4501 389.3897
2084.124 -172.3571 424.2682
2166.594 -178.3029 379.6695
2273.187 -131.6987 446.0115
2171.813 -69.01733 344.3932
2316.925 -201.3547 388.348
2134.713 -145.449 396.8137
2301.291 -112.2091 383.1904
2293.964 -60.61361 409.3949
1903.739 -21.96475 378.1049
2254.082 -125.7211 375.1824
1931.423 -196.9235 411.0799
2139.187 -131.9151 404.4866
2352.743 -128.2385 396.67
2081.353 -101.5285 402.6743
2058.092 -141.1581 406.1354
2012.434 -81.56359 325.8955
2368.777 -134.6388 384.834
1980.107 -126.099 408.2013
2401.807 -198.3894 428.2491
2158.664 -50.84745 403.8481
2179.803 -121.2374 377.1799
2217.658 -163.5538 402.793
2140.855 -134.6428 397.0002
2101.693 -122.2754 368.7879
2276.204 -80.96477 405.3402
2110.886 -198.6563 397.0809
2344.864 -192.5414 410.52
2244.05 -165.2035 395.46
2166.488 -178.9046 406.2779
2147.758 -76.22305 381.9606
2263.634 -43.33274 350.1535
2140.089 -31.96066 413.6385
1984.567 -75.71717 403.7438
2092.921 -92.22041 385.6496
2284.884 -155.0387 415.9465
2017.675 -128.3112 438.6381
2245.183 -182.4222 385.1
2105.318 -87.63686 411.1987
2027.229 -77.93218 404.639
2081.089 -71.67626 429.3766
2124.803 -77.46965 369.1753
1992.81 -75.36415 437.2708
2069.339 -80.43559 422.3547
2060.706 -112.9691 418.9768
2235.035 -154.6999 396.8613
2175.083 -106.6008 367.2081
2203.517 -162.6083 403.6433
2092.971 -85.49508 387.3642
2225.276 -127.7374 464.5083
2211.581 -104.8035 408.201
1952.713 -117.1845 450.5397
1999.414 -117.8031 418.4757
2045.504 -125.0034 434.0102
2271.764 -49.18375 390.3519
1945.518 -123.518 402.0779
2107.912 -85.51073 406.0262
2179.876 -106.299 409.6599
2091.887 -132.4594 357.3568
1962.909 -128.716 375.7881
2455.192 -34.87205 377.201
2145.057 -120.4827 441.071
2399.086 -12.81096 426.579
1950.075 -96.38072 394.8608
2048.038 -168.9608 416.2033
2048.411 -88.55124 456.863
2046.615 -133.1203 417.9647
2237.365 -145.4614 411.514
2128.199 -63.39553 410.7566
1981.683 -41.19827 407.2502
2285.613 -178.5175 445.2519
2147.347 -113.4335 415.7393
2119.241 -126.8473 414.7221
2075.971 -147.8231 353.6964
2144.933 -64.07661 423.1532
1971.544 -107.5015 365.2039
2217.683 -87.01466 423.4592
2107.681 -116.0341 407.2172
2214.417 -119.713 394.3594
2056.174 -84.12485 403.6512
2226.605 -76.70552 358.7746
2384.224 -143.3953 385.6195
2085.013 -97.34975 422.5717
2358.172 -77.72148 383.8742
2148.094 -145.9093 424.5139
2138.216 -98.28436 449.4998
2090.544 -139.7282 396.5391
2270.102 -141.7316 365.2478
2252.52 -102.4715 442.0087
2010.68 -67.7929 376.5118
2110.148 -139.087 393.4383
2121.697 -96.29198 404.7838
2316.625 -152.6857 396.2335
2166.87 -116.8081 397.331
2113.623 -30.23055 409.2346
2190.217 -49.04809 405.4128
1964.377 -27.2437 439.4372
2255.636 -65.28279 376.7941
2220.329 -101.2192 397.9202
1995.958 -88.28558 383.0037
2228.907 -95.39096 378.3197
2083.739 -42.31459 418.1912
2270.403 -81.45149 398.8496
1904.437 -112.3197 416.3549
2152.524 -126.5803 404.9243
2196.335 -92.59916 382.6639
2258.792 -158.4707 413.2105
2157.152 -38.48112 405.499
2348.205 -99.97207 383.3502
2185.403 -106.5648 416.3393
2210.474 -149.9126 427.1075
2169.747 -53.80655 438.0622
2236.878 -64.04164 412.1669
2111.699 -130.9211 377.5259
2425.019 -145.3427 436.4309
2238.531 -93.84759 404.0062
2138.24 -130.5772 424.5624
2116.8 -166.0228 405.4512
2054.411 -36.55783 406.9582
2303.869 -129.8322 443.1574
1984.875 -73.12244 422.6579
1993.109 -119.8626 416.9144
1976.589 -96.84689 393.8053
2247.51 -212.3922 394.4427
2428.575 -102.9176 387.4673
1939.674 -60.70103 388.2557
2105.226 -154.9133 388.5781
2109.976 -43.60613 394.8231
2073.131 -132.1542 409.9906
2087.756 -110.6647 405.823
2126.437 -111.7055 418.6324
1968.348 -100.3556 390.5302
2110.157 -111.1827 363.0244
1995.286 -101.88 367.3188
2062.007 -101.2519 459.6376
2212.356 -47.59312 386.4716
2096.269 -81.13114 416.9555
2294.325 -121.7516 403.2797
2135.181 -120.6599 412.1654
1943.666 -56.90571 390.1485
2032.629 -101.0728 348.8773
2162.123 -74.58991 402.003
2062.864 -100.0503 384.894
2021.912 -125.528 409.7364
2272.565 -132.3495 441.7654
2213.771 -109.3217 417.7689
1944.906 -125.6806 430.5957
2134.439 -74.01415 420.8688
2259.708 -144.1937 345.4479
2056.089 -80.46578 390.709
2149.572 -135.2102 401.3959
2445.422 -129.1161 393.1093
2109.358 -41.09365 399.6468
2311.521 -201.2803 412.824
2187.919 -124.2393 432.965
1998.741 -119.3125 397.2286
2308.503 -173.9366 412.5143
2005.986 -116.7163 423.8108
2086.995 -81.20033 375.8298
2152.399 -139.2743 414.5202
2200.487 -132.1277 398.9085
2055.079 -131.3317 376.1099
2130.728 -189.3947 422.9548
2219.392 -143.2759 421.0425
2061.022 -93.63885 399.5547
2220.285 -77.20517 398.1479
2382.915 -140.6841 412.1294
1875.841 -105.9257 399.0366
2119.57 -140.7957 432.9168
2099.93 -114.4215 399.9051
2018.582 -82.61016 397.49
2300.564 -141.1377 423.6055
2185.746 -152.877 438.159
2062.59 -84.20216 367.8841
2122.717 -103.1776 417.6613
2266.887 -201.7569 384.0792
2255.852 -94.50247 424.046
2138.468 -62.84264 453.9292
2180.67 -178.1054 435.097
2192.543 -26.43666 450.5453
2114.157 -65.01647 360.3598
2010.525 -121.4975 398.3799
2061.892 -102.8231 380.1048
2101.758 -120.806 396.1154
2215.011 -115.0099 393.4271
2050.86 -80.09164 407.806
2047.59 -173.0972 459.0373
2062.917 -154.8206 381.0199
2314.502 -175.4834 449.4013
2110.727 -119.5799 336.3292
2076.07 -142.7541 394.0284
2233.654 -56.38499 376.5585
2340.083 -67.04245 428.0193
2032.437 -143.6487 386.7038
2445.625 -141.6262 397.6361
2128.632 -118.0659 401.6581
1930.067 -113.6624 344.0077
1893.815 -66.78907 378.0284
2154.768 -154.0593 417.3589
2158.582 -215.8171 389.6144
2198.149 -69.05712 397.3798
2233.807 -148.7674 368.3514
2358.461 -83.70921 411.5971
2202.513 -107.2341 405.9025
2161.397 -126.1365 400.1718
2309.55 -142.1127 394.5717
2162.841 -47.30769 392.201
2294.158 -95.36889 425.9397
2029.183 -52.04126 416.284
2040.762 -108.9508 352.6242
2228.563 -115.8991 405.0152
2086.868 -114.965 419.0535
2325.142 -40.77892 378.7268
2159.232 -77.97895 363.9369
2127.121 -107.7336 402.4596
2159.645 -116.2992 389.1721
2303.026 -67.06703 417.422
2203.272 -113.1092 429.6406
2126.28 -125.5531 412.8199
2131.774 -85.43762 405.9747
2171.866 -80.32797 403.407
2372.672 -127.0785 430.0798
2086.546 -93.90162 398.5477
2164.661 -82.75944 385.6351
2396.844 -133.5268 361.9445
2233.072 -95.90529 410.927
2124.784 -88.46594 422.4792
2014.178 -119.278 383.3534
1883.15 -65.11275 378.738
2162.917 -138.725 378.241
2399.853 -110.144 395.8454
2146.393 -79.50565 367.2467
2104.288 -76.2496 401.2709
2308.387 -134.0335 422.0447
2008.114 -103.3287 437.6044
2062.426 -98.85661 422.0751
1842.378 -84.67246 407.3799
2164.876 -59.24205 386.2094
2117.032 -90.08435 385.8974
2027.738 -26.855 374.982
2041.649 -78.09215 370.6326
2125.279 -118.7574 390.3536
2040.252 -163.3789 415.5392
2117.154 -35.63569 385.1118
2218.825 -120.5093 362.0405
2312.305 -136.6938 451.8633
2276.634 -88.51719 428.1641
1981.916 -100.1804 385.4758
2023.417 -93.13785 394.2997
2238.661 -199.9656 408.9496
2282.857 -129.3214 435.0405
1998.786 -97.38743 416.8675
2144.875 -108.4002 414.5649
2363.72 -131.184 404.502
2200.489 -133.3214 398.6448
2342.847 -143.8747 358.4243
2017.652 -93.41258 398.3195
2338.31 -67.98732 421.3937
2105.947 -63.68474 389.4209
2191.988 -120.4657 391.566
2248.728 -68.56058 419.0293
2405.794 -135.0389 375.4577
2220.544 -110.9538 354.7397
1987.619 -71.15662 409.7183
2104.02 -139.0847 379.3794
2084.318 -37.2478 437.2585
2163.907 -103.349 402.3257
2127.83 -94.0551 441.4374
1962.453 -111.7986 382.5575
1988.931 -116.3523 432.7345
2350.616 -213.0645 415.9651
2023.247 -150.5289 387.0993
2218.218 -95.94128 434.4808
2231.131 -124.8304 372.3143
2204.779 -100.8265 410.1008
2207.363 -32.93692 378.8075
2328.549 -122.4934 389.2033
2070.146 -99.18004 385.6575
2316.529 -105.949 388.7905
2177.454 -151.6953 405.2473
2216.002 -66.80742 404.4049
1866.583 -89.85772 374.1044
2080.574 -100.7949 426.875
2154.148 -121.9131 417.1231
2253.903 -111.895 395.7707
2381.449 -129.7243 371.8472
2358.959 -122.0397 406.0972
2393.31 -54.79477 415.4931
1964.093 -110.6758 406.9128
2258.112 -111.4747 370.5623
2145.91 -162.8416 396.0473
2025.761 -127.882 397.5764
2352.067 -145.3943 402.8447
2247.398 -107.9736 434.0512
1971.244 -115.8268 415.1776
2002.041 -64.04088 423.1531
2195.245 -122.8727 394.197
2100.308 -110.2284 380.5724
2075.486 -98.0042 405.638
2542.314 -154.5077 427.6042
2072.681 -140.7324 397.109
1925.518 -100.5719 389.0638
2068.054 -111.3987 395.0143
2173.495 -113.7857 370.5811
2148.412 -181.9285 448.7611
2073.015 -151.7167 395.5065
2271.797 -77.25993 406.7136
1993.399 -85.44157 398.6343
2168.31 -141.5248 417.7258
2138.584 -79.6752 408.2478
2304.998 -63.91968 392.1561
1967.401 -148.9632 347.8218
2317.387 -54.52253 411.9278
2171.78 -139.4575 344.7813
2243.292 -94.5479 386.8136
2336.112 -164.8893 453.9001
2203.94 -154.0096 378.136
2283.377 -119.8111 419.5436
2152.808 -86.97486 420.926
2301.425 -123.5957 342.7437
1987.019 -174.947 419.7232
2119.142 -157.2628 430.5428
2149.375 -111.2835 384.2765
2210.273 -74.1195 404.3975
2099.324 -89.83496 353.5085
2245.319 -195.6557 385.5343
2182.663 -92.60036 379.9786
2248.742 -17.24265 394.2878
2072.629 -112.9917 403.8988
2225.547 -87.13535 369.7248
2191.782 -101.251 359.671
2008.017 -111.2896 403.985
2075.528 -109.7917 414.4264
2048.061 -115.3054 390.1458
2204.987 -99.54596 414.3848
2238.443 -150.4855 409.771
2245.597 -72.70034 433.0315
2178.117 -97.42942 369.9846
2012.497 -81.77394 393.168
2140.979 -140.1494 387.5685
2052.708 -100.5589 411.631
1986.913 -80.63018 391.8524
2117.531 -109.9133 385.4028
2276.257 -82.41889 420.338
2134.241 -65.58951 407.0558
2077.079 -108.5168 424.8716
2209.141 -141.4856 392.2583
2199.244 -85.07206 408.5469
2324.159 -189.0147 363.9976
2148.302 -55.61937 374.6468
2431.032 -151.2911 436.7
2166.421 -50.96031 432.7784
2002.999 -55.25067 376.442
2141.033 -117.3482 349.7597
2082.87 -80.73476 367.4646
2381.18 -66.96503 393.0855
2270.061 -138.4183 388.7893
2132.756 -73.75762 434.1458
2191.545 -133.7706 404.0992
2198.529 -12.54652 390.4407
2271.865 -156.2907 372.5601
2209.016 -177.3201 397.2789
2001.356 -102.779 388.8258
1960.405 -35.48862 403.4913
2277.885 -50.76468 414.9978
1862.642 -34.87719 386.6514
2377.745 -102.119 380.1171
2215.725 -52.25723 362.5579
2160.627 -63.17159 439.8771
2365.184 -119.9628 411.8228
2176.451 -135.6074 357.4199
2236.361 -61.5085 399.2278
2169.833 -57.56327 402.8238
2233.514 -235.4755 421.0918
2012.85 -101.6269 385.7376
2148.606 -79.16397 392.4257
2220.78 -120.1196 401.305
2298.325 -127.1574 481.9126
2190.131 -172.5564 398.5031
2154.835 -110.5697 367.5686
2228.96 -100.459 391.4445
2012.251 -116.0942 390.258
2592.57 -118.9917 365.5889
1766.025 -82.05755 362.2055
2288.226 -88.84338 389.9945
1828.918 -69.88603 374.4435
2114.712 -85.40711 376.1326
1963.838 -119.5624 408.4744
2181.442 -102.0448 409.6844
2139.972 -70.81061 413.7404
2381.252 -12.31129 403.0297
1863.996 -78.02389 472.8153
2192.018 -109.9409 418.2937
1901.389 -122.5757 413.3437
2064.495 -138.8225 399.2793
2130.11 -119.6111 412.5532
1897.689 -66.77579 390.9379
2099.789 -189.1729 384.8211
2457.298 -128.8396 393.6267
